,curve1,curve2,pseudotime
W31105,1.0,1.0,0.03634837267132399
W31106,1.0,0.0,0.840813374317725
W31107,0.0,1.0,0.7594237836997969
W31108,1.0,0.0,0.9974553303435041
W31109,0.0,1.0,0.766014661673025
W31110,1.0,0.0,1.0248618983598
W31111,0.0,1.0,0.442568367304765
W31113,0.75013889203766,1.0,0.0325598415474685
W31114,0.0,1.0,0.382210358268516
W31115,0.0,1.0,0.8091375479124409
W31116,0.0,1.0,0.8975023965933799
W31117,1.0,0.0,0.258513750825987
W31118,1.0,0.0,0.955503668374759
W31119,1.0,0.0,0.542465453244038
W31120,0.0,1.0,0.7549777010619331
W31121,1.0,1.0,0.00371248201304125
W31122,0.0,1.0,0.710593845700625
W31123,0.0,1.0,0.7616155153182141
W31124,0.0,1.0,0.8461037489166958
W31125,1.0,0.0,0.220761813448909
W31126,0.0,1.0,0.458447535946989
W31127,1.0,0.0,0.415149000757912
W31128,1.0,0.0,0.19976123137964003
W31129,1.0,0.0,0.388464617179719
W31130,1.0,0.0,0.5799708239505761
W31131,1.0,0.0,1.0081170214948
W31132,0.0,1.0,0.647138138045965
W31133,1.0,0.0,0.422608356066798
W31134,1.0,0.0,0.242184131643195
W31136,0.0,1.0,0.707964712318841
W31137,0.0,1.0,0.6928874387513271
W31138,0.0,1.0,0.659869255770114
W31139,0.0,1.0,0.47856199136691796
W31140,0.0,1.0,0.6740410674879439
W31141,1.0,0.0,0.623132960696937
W31142,0.0,1.0,0.886902419421279
W31143,0.0,1.0,0.775542293822207
W31144,0.0,1.0,0.461038752479769
W31145,1.0,0.0,1.08673638588974
W31146,0.0,1.0,0.579142222420046
W31147,0.0,1.0,0.7616155153182141
W31148,1.0,0.0,0.8222922491066371
W31150,1.0,0.0,0.290624684260492
W31151,0.0,1.0,0.756728554063672
W31152,1.0,0.0,0.837293535420471
W31153,0.0,1.0,0.501773673047263
W31154,0.0,1.0,0.725376154772313
W31155,1.0,0.0,0.159510724482479
W31156,0.0,1.0,0.8084685744628091
W31157,1.0,0.0,0.436641381228778
W31158,1.0,0.0,1.0330613839349498
W31159,0.0,1.0,0.3860189139815471
W31161,0.0,1.0,0.730841367142438
W31162,0.0,1.0,0.587104393010757
W31163,0.0,1.0,0.641105462296543
W31164,1.0,0.0,0.822620995273061
W31165,0.0,1.0,0.825475364559665
W31166,1.0,0.0,0.750910922007714
W31167,0.0,1.0,0.8317453400143041
W31168,1.0,0.0,0.823408893824687
W31169,1.0,0.0,0.663253443368954
W31170,1.0,0.0,0.8859994884601909
W31171,1.0,0.7264407827060699,0.0946994600785919
W31172,0.0,1.0,0.36190281921415396
W31173,1.0,0.519227136069092,0.0
W31174,1.0,0.0,0.436461032554954
W31175,1.0,0.0,0.282118411267613
W31176,0.0,1.0,0.223355429585177
W31177,0.0,1.0,0.40770534094232797
W31178,0.0,1.0,0.47595144180473997
W31179,1.0,0.0,1.02070895308384
W31180,0.0,1.0,0.6802650656641971
W31181,1.0,0.0,1.1150074310573101
W31182,1.0,0.0,1.07027649698296
W31183,0.0,1.0,0.683233312940968
W31184,0.0,1.0,0.8427006680591931
W31185,0.0,1.0,0.631676383136204
W31186,1.0,0.0,0.6098141896300029
W31187,1.0,0.0,0.5163075587047079
W31188,1.0,0.0,0.50002817810985
W31189,1.0,0.0,1.01719761459453
W31190,0.0,1.0,0.5728917371128229
W31191,1.0,0.618689663428937,0.0
W31192,1.0,0.7736756763314109,0.0
W31193,0.0,1.0,0.63081256585271
W31194,0.0,1.0,0.305777313767141
W31195,0.0,1.0,0.82518443702915
W31196,1.0,0.0,0.243449040976964
W31197,1.0,0.0,0.5267286777211371
W31198,0.0,1.0,0.869950927554233
W31199,1.0,0.0,0.158708136501339
W31200,0.0,1.0,0.307139448747552
W31201,1.0,1.0,0.0
W31202,1.0,0.0,0.624005838511297
W31203,1.0,0.0,0.846020547143833
W31204,1.0,0.0,0.43220390061058794
W31205,0.0,1.0,0.857106328446207
W31206,0.0,1.0,0.733702798864484
W31207,1.0,0.0,0.856511743131494
W31209,0.0,1.0,0.840686548753957
W31210,1.0,0.0,0.7435773696726379
W31211,1.0,0.0,0.883355082257195
W31212,0.0,1.0,0.5830759154003641
W31213,0.0,1.0,0.322622559296393
W31214,0.0,1.0,0.9150548365573171
W31215,0.0,1.0,0.542872712577569
W31217,0.0,1.0,0.735859788996176
W31218,1.0,0.0,0.7057205687555659
W31219,1.0,0.0,0.447796463365826
W31220,0.0,1.0,0.9150548365573171
W31221,1.0,1.0,0.0764749654723711
W31222,0.0,1.0,0.722784402830033
W31223,1.0,0.0,0.46682892900589706
W31224,1.0,0.8644315490136241,0.10510322219798102
W31225,0.0,1.0,0.8294670189261171
W31226,1.0,0.0,1.11402690717606
W31228,1.0,0.0,0.385397769850026
W31229,0.0,1.0,0.399955928119878
W31230,0.0,1.0,0.43669280067479604
W31231,0.0,1.0,0.9150548365573171
W31232,0.0,1.0,0.629001876695148
W31233,0.0,1.0,0.828582103199885
W31234,0.0,1.0,0.823169277929979
W31236,0.0,1.0,0.565472969391452
W31237,1.0,0.0,0.767638702111588
W31238,0.0,1.0,0.49240385981275103
W31239,1.0,0.0,0.84186586347318
W31240,0.0,1.0,0.668537075914591
W31241,0.0,1.0,0.857977563234802
W31242,1.0,0.0,1.0979692947103399
W31243,0.0,1.0,0.849444885954786
W31244,1.0,0.0,0.462176486043817
W31245,1.0,0.0,1.08744821021023
W31246,0.0,1.0,0.9150548365573171
W31247,0.0,1.0,0.7641672783665929
W31248,0.0,1.0,0.7235716664944549
W31249,1.0,0.0,0.748147889191268
W31250,0.0,1.0,0.596337643090405
W31251,1.0,0.0,1.1151168243144
W31252,1.0,0.0,0.7306736960541209
W31253,1.0,0.0,0.5809494896101689
W31254,1.0,0.0,0.817166348933625
W31255,0.0,1.0,0.735484698706923
W31256,1.0,0.0,0.718599895991154
W31257,1.0,1.0,0.0041701088544299
W31259,1.0,0.0,0.575489653280257
W31260,1.0,0.0,0.44957697204497704
W31262,0.0,1.0,0.355558653593628
W31263,1.0,0.0,0.576006192963664
W31264,1.0,0.0,1.0647031225688801
W31265,1.0,0.0,0.784846199300407
W31266,1.0,0.0,1.1026118210519
W31267,1.0,0.0,0.42385821609814206
W31268,1.0,0.498831458825949,0.12059457206356801
W31269,0.0,1.0,0.41712882031383297
W31270,1.0,0.0,1.1095209127811
W31271,0.0,1.0,0.5778547794395439
W31272,1.0,0.0,1.07031726503864
W31273,1.0,0.0,1.01768021383983
W31274,1.0,0.0,0.530147021661835
W31275,1.0,0.0,1.1151168243144
W31276,1.0,0.0,0.210952102021068
W31277,1.0,0.503757638825079,0.12607734358434403
W31278,1.0,0.0,0.7551789166745558
W31279,1.0,0.399739349893926,0.130794074192716
W31280,0.0,1.0,0.858612226429504
W31281,1.0,0.0,0.7672854055557979
W31282,1.0,0.0,0.531278795526008
W31283,0.0,1.0,0.6691771639315649
W31284,0.0,1.0,0.562535843329218
W31285,1.0,0.0,0.6549179777370239
W31286,1.0,0.0,0.643604008018296
W31287,1.0,0.0,0.22832085242279102
W31288,0.6631074479856689,1.0,0.11025953758659801
W31289,0.0,1.0,0.5831865576957329
W31290,1.0,0.0,0.7137437467998241
W31291,0.0,1.0,0.7459243609552271
W31292,0.0,1.0,0.508933577781433
W31293,1.0,0.0,1.00977958745612
W31294,0.0,1.0,0.5681064922567529
W31295,1.0,0.0,0.723779418961258
W31296,1.0,0.0,0.8829396195444491
W31297,1.0,1.0,0.0410586666105133
W31298,0.0,1.0,0.801524887007209
W31299,1.0,0.0,0.562300070472973
W31300,1.0,0.0,0.147547275647189
W31301,1.0,0.0,0.569229166256999
W31302,0.0,1.0,0.7647739570803329
W31303,0.0,1.0,0.470167656959445
W31305,1.0,0.0,1.08422434132352
W31306,1.0,0.0,0.9824148854587309
W31307,1.0,0.0,0.798593274309282
W31309,0.0,1.0,0.574091571303832
W31310,0.0,1.0,0.7021692501309781
W31311,1.0,0.0,0.553211104154561
W31312,1.0,0.0,0.239305745411034
W31313,1.0,0.599381337864884,0.115839211997435
W31314,1.0,0.0,0.276798493598496
W31315,0.0,1.0,0.35922939552128597
W31316,0.0,1.0,0.802259606603159
W31317,0.0,1.0,0.7658331896915591
W31318,0.0,1.0,0.7660606010801629
W31319,1.0,0.0,0.912729450193297
W31321,0.0,1.0,0.37711597518666795
W31322,0.0,1.0,0.696217528388661
W31323,0.0,1.0,0.648401234234169
W31324,1.0,0.0,0.26891384217533304
W31325,0.0,1.0,0.9078022256427092
W31326,0.0,1.0,0.7643588248468609
W31327,1.0,0.0,0.94518146720628
W31328,0.0,1.0,0.689136166200619
W31329,1.0,0.0,0.970185169672195
W31330,1.0,0.0,0.899147821686009
W31331,1.0,1.0,0.0
W31332,1.0,0.0,1.11257019219985
W31333,0.0,1.0,0.660180354716743
W31334,0.0,1.0,0.6936558498369771
W31335,1.0,0.0,0.49789426852488505
W31336,1.0,0.0,0.9186423467318671
W31337,0.0,1.0,0.750901242661597
W31338,1.0,0.0,0.9734888499229549
W31339,1.0,0.0,0.8163201637616908
W31340,0.0,1.0,0.519956680838882
W31341,1.0,0.0,1.0104489147683
W31342,1.0,0.0,1.02105765964259
W31343,1.0,0.0,0.82625643805078
W31345,0.0,1.0,0.667060563812141
W31346,0.0,1.0,0.63664039793213
W31347,1.0,0.0,0.6357823699792429
W31348,0.0,1.0,0.584867931388057
W31349,0.0,1.0,0.334959071704225
W31350,1.0,0.0,1.08880037573577
W31351,1.0,0.0,0.8553556705509201
W31353,0.0,1.0,0.771465627661847
W31354,1.0,0.0,0.231011286261038
W31355,1.0,0.0,0.9112592770483199
W31356,0.0,1.0,0.522725465038026
W31357,0.0,1.0,0.731024794698396
W31358,0.0,1.0,0.207130308136198
W31359,1.0,0.0,0.670996902752596
W31360,0.0,1.0,0.662985271470812
W31361,1.0,0.0,1.1151168243144
W31362,1.0,0.0,0.787188753769691
W31363,1.0,0.0,1.01269556686756
W31364,1.0,0.9996430410268959,0.0
W31365,1.0,0.0,0.587681881797805
W31366,1.0,0.0,1.06716505100701
W31367,1.0,0.0,0.7895919357104291
W31368,0.0,1.0,0.703608378312781
W31369,0.0,1.0,0.9150548365573171
W31370,0.0,1.0,0.8423910837204179
W31371,1.0,0.0,0.5700186754262421
W31372,0.0,1.0,0.8385100444578009
W31373,1.0,0.0,0.5590879302127889
W31374,0.0,1.0,0.8715448805892829
W31375,0.0,1.0,0.632385384551301
W31376,1.0,0.0,0.508621549080884
W31377,1.0,0.0,0.267031725807297
W31378,0.0,1.0,0.9150548365573171
W31379,1.0,0.0,0.364129041752122
W31380,0.0,1.0,0.5517861518785789
W31381,1.0,0.0,0.7247583179801859
W31382,0.0,1.0,0.697941096504737
W31383,1.0,0.0,0.39169024729864704
W31386,1.0,0.0,1.0247445635989498
W31387,0.0,1.0,0.875961681473843
W31388,1.0,0.0,0.394787627408827
W31389,0.0,1.0,0.5745362517596879
W31390,0.0,1.0,0.5666916556667521
W31391,0.0,1.0,0.9150548365573171
W31392,1.0,0.0,0.6394579216891401
W31393,1.0,0.0,0.5911379951833261
W31394,0.0,1.0,0.846559307014814
W31395,1.0,0.0,0.747303942600812
W31396,1.0,0.0,1.1151168243144
W31397,1.0,0.0,0.18781566367174105
W31398,1.0,0.0,0.7472302179186221
W31399,1.0,0.0,0.6878846833919381
W31401,0.0,1.0,0.733725392742341
W31402,1.0,0.0,0.669647368837639
W31403,1.0,0.0,0.5818345244533969
W31405,1.0,0.0,0.5611122590940439
W31406,0.0,1.0,0.574096837251103
W31407,1.0,0.0,0.33576074577698
W31409,1.0,0.0,0.724103251696536
W31410,0.0,1.0,0.551156497300795
W31411,1.0,0.0,0.852029291090977
W31413,0.0,1.0,0.659450333453124
W31414,0.0,1.0,0.7199517748207791
W31415,0.0,1.0,0.551705723430614
W31416,0.0,1.0,0.5982025851548171
W31418,0.0,1.0,0.811128658212752
W31419,0.0,1.0,0.570797520668438
W31420,0.0,1.0,0.8914506837729709
W31421,1.0,0.0,1.10169026752601
W31422,1.0,0.0,0.8562150347028491
W31423,0.0,1.0,0.87677478825735
W31424,0.0,1.0,0.48065657210235996
W31425,1.0,0.0,1.09857364509595
W31426,0.0,1.0,0.530590487569665
W31427,0.0,1.0,0.574096837251103
W31428,0.0,1.0,0.5516251501398101
W31429,0.0,1.0,0.8941850246037959
W31430,1.0,0.9997444214683029,0.0
W31431,0.0,1.0,0.9150548365573171
W31432,1.0,0.0,1.03122735608741
W31433,1.0,0.0,0.22162377949866396
W31434,0.0,1.0,0.850426097461979
W31436,1.0,0.0,0.7518348467518491
W31437,1.0,1.0,0.0661879231235678
W31439,1.0,0.0,0.276639027697593
W31440,0.0,1.0,0.771465627661847
W31441,0.0,1.0,0.597516679076484
W31442,0.0,1.0,0.600674470269709
W31443,1.0,0.0,0.1495101818692
W31444,0.0,1.0,0.9150548365573171
W31446,0.0,1.0,0.57198136981284
W31447,0.0,1.0,0.575735326307157
W31448,1.0,0.0,0.8406170987614109
W31451,1.0,0.0,0.538004566829859
W31452,0.0,1.0,0.9150548365573171
W31453,0.0,1.0,0.34018664507957896
W31454,1.0,0.0,0.582676883932181
W31455,0.0,1.0,0.9150548365573171
W31456,0.0,1.0,0.57167056257713
W31457,1.0,0.0,0.219322765020254
W31458,1.0,0.0,0.237674835500031
W31459,1.0,0.0,0.21959290194032602
W31460,1.0,0.0,0.7012937971127161
W31461,0.0,1.0,0.9150548365573171
W31462,0.0,1.0,0.5698499090173791
W31463,0.0,1.0,0.9150548365573171
W31464,1.0,0.0,0.720275340771703
W31465,1.0,0.0,0.6971639063385541
W31466,1.0,0.0,0.8218811507369141
W31467,0.0,1.0,0.8758383958180359
W31468,1.0,0.0,0.602217872178578
W31469,1.0,0.0,1.10188493152965
W31470,0.0,1.0,0.7078784441240709
W31471,1.0,0.0,0.7830816629677639
W31472,1.0,0.0,1.07476397912589
W31473,1.0,0.0,0.9582579960022679
W31474,1.0,0.0,1.1151168243144
W31475,1.0,0.0,0.7579150381140859
W31476,1.0,0.0,0.213604614845719
W31477,1.0,0.0,0.36221110778594
W31478,1.0,0.0,0.682464756235439
W31479,0.0,1.0,0.562662438718605
W31480,1.0,1.0,0.067964057022254
W31481,0.0,1.0,0.9150548365573171
W31483,1.0,0.0,1.02906996432679
W31484,1.0,0.0,0.748786509015238
W31485,0.0,1.0,0.5796748291245439
W31486,0.0,1.0,0.54565850611751
W31487,1.0,0.0,0.726062990181133
W31489,1.0,0.0,0.8646574898678849
W31491,1.0,0.0,0.39836348220071993
W31492,0.0,1.0,0.718998126435923
W31493,1.0,0.0,0.353843898763351
W31494,1.0,0.0,0.9136403867295
W31495,1.0,0.0,0.499012695227243
W31497,1.0,1.0,0.0746298399154289
W31498,1.0,0.0,0.442459924666058
W31499,0.0,1.0,0.459088541057841
W31500,0.0,1.0,0.8493980475452251
W31501,1.0,0.0,0.8512808951765122
W31502,1.0,0.0,0.40655299445209997
W31503,1.0,0.0,1.0060328951828
W31504,1.0,0.0,0.9182809129817879
W31505,1.0,0.710077914742631,0.0893230237599321
W31506,0.48199181103711003,1.0,0.13531872693203698
W31507,1.0,0.9995975204082289,0.0
W31508,0.0,1.0,0.4654689894944721
W31509,1.0,0.0,0.860634614848655
W31510,1.0,0.0,0.78526201664508
W31511,1.0,0.0,0.5576738400963571
W31512,0.842834722746838,1.0,0.0
W31513,0.0,1.0,0.70013275148684
W31514,1.0,1.0,0.0
W31515,1.0,0.0,0.646227947192683
W31516,0.0,1.0,0.8886733905394409
W31517,1.0,0.0,0.666000138303749
W31518,1.0,0.0,0.744380059456936
W31519,1.0,0.0,0.352927524271853
W31520,1.0,0.0,0.449070702271839
W31521,0.0,1.0,0.667652374062245
W31522,1.0,0.0,0.826615951993629
W31523,0.0,1.0,0.9150548365573171
W31524,1.0,0.0,0.614206864068755
W31525,0.0,1.0,0.88967465755943
W31526,1.0,1.0,0.0218217987362122
W31527,0.66302835502329,1.0,0.0
W31528,1.0,0.0,0.7620971937862541
W31529,0.0,1.0,0.480533508539944
W31530,1.0,0.0,0.8450377910467259
W31532,1.0,0.0,1.07478807530529
W31533,1.0,0.730355150403032,0.104256068477786
W31534,1.0,0.0,0.22980628151485802
W31535,1.0,0.0,0.384132914096766
W31536,0.0,1.0,0.8593015058417371
W31537,1.0,0.0,0.488403660664026
W31538,1.0,0.0,0.764266938719663
W31539,1.0,0.0,0.506836690768354
W31540,1.0,0.0,0.7124659217928601
W31541,0.0,1.0,0.5849318085733061
W31542,1.0,0.0,0.656166185306562
W31543,0.0,1.0,0.340730451188886
W31544,1.0,0.0,0.7575492881133409
W31545,1.0,0.0,0.264561673308317
W31546,1.0,0.0,1.1151168243144
W31548,1.0,0.0,0.5428650124953329
W31549,1.0,0.0,0.6966224140118851
W31550,0.0,1.0,0.907441396752059
W31551,0.0,1.0,0.587056608149754
W31552,1.0,0.0,0.6496691768616939
W31553,1.0,1.0,0.0738952167913453
W31554,0.0,1.0,0.5369164607695279
W31555,0.0,1.0,0.30687195504864695
W31556,1.0,0.0,0.706983321318615
W31558,1.0,0.0,1.03219140729602
W31559,1.0,0.0,0.747827858171282
W31560,1.0,1.0,0.0253438722509118
W31562,1.0,0.0,0.25991211765335603
W31563,0.0,1.0,0.45806472822842503
W31564,1.0,0.0,0.9942632012341329
W31565,0.0,1.0,0.595007197202411
W31566,1.0,0.0,0.7865220914291209
W31567,1.0,0.0,0.738685862980919
W31568,1.0,0.0,0.9651146148880521
W31569,1.0,1.0,0.0410586666105133
W31570,1.0,0.44331710829845794,0.12632528990407302
W31571,1.0,0.0,1.1148769235171399
W31572,0.0,1.0,0.46050770504462396
W31573,0.0,1.0,0.332114445773334
W31575,0.0,1.0,0.196409183796406
W31576,0.0,1.0,0.5622526394438659
W31577,1.0,0.0,1.06144902571595
W31578,0.0,1.0,0.8803606082457891
W31580,1.0,0.0,0.64552200232427
W31581,1.0,0.0,0.521649152838847
W31583,1.0,0.0,0.243972178172988
W31586,0.0,1.0,0.720628313603117
W31587,1.0,0.0,0.139889852789901
W31588,1.0,0.0,1.08068598976825
W31590,1.0,0.0,0.8449158886377659
W31591,1.0,0.0,0.8427784590630749
W31593,0.0,1.0,0.7348840686138509
W31594,0.0,1.0,0.634662108455579
W31595,1.0,0.0,1.0822668068614598
W31596,1.0,0.0,1.1151168243144
W31597,1.0,0.0,0.855860007031126
W31598,0.0,1.0,0.8282919296867329
W31599,1.0,0.0,1.09499833258752
W31600,1.0,0.0,0.20769792995007103
W31601,1.0,0.0,1.01030310680229
W31602,1.0,0.0,0.592742407739603
W31603,1.0,0.0,1.1151168243144
W31604,0.100972819587474,1.0,0.173017399321352
W31605,0.0,1.0,0.458412548531592
W31606,1.0,0.0,0.958790394695646
W31607,1.0,0.0,0.30546353292462197
W31608,1.0,0.0,0.8575996759979839
W31609,1.0,0.0,1.0113653319490001
W31611,1.0,0.0,0.7042342919723129
W31613,1.0,0.0,0.23855952794672697
W31614,1.0,1.0,0.0396648345658352
W31615,1.0,0.0,0.314639429718812
W31617,1.0,0.0,1.11109222993703
W31618,0.0,1.0,0.9150548365573171
W31620,1.0,0.0,0.5235139587479399
W31621,1.0,0.0,0.24012720246128302
W31622,1.0,0.0,0.979270108820455
W31623,1.0,0.0,0.8546799311712271
W31624,1.0,0.0,1.07545346908593
W31625,1.0,0.0,1.0641172435927
W31626,0.0,1.0,0.328047297330492
W31628,1.0,0.0,1.11055594773081
W31629,0.0,1.0,0.5049396261972801
W31630,1.0,0.0,0.954173396495717
W31631,1.0,0.0,0.8377994556527699
W31632,1.0,0.0,1.0893105297759398
W31634,0.0,1.0,0.9150548365573171
W31635,0.0,1.0,0.9150548365573171
W31636,0.0,1.0,0.9150548365573171
W31638,1.0,0.0,0.6927732495335931
W31639,1.0,0.0,0.6210795822766371
W31640,0.0,1.0,0.3549299719098061
W31641,0.0,1.0,0.46466539813827396
W31642,1.0,0.0,0.36686595389272
W31644,1.0,0.0,0.8193746431761441
W31645,1.0,0.555695662393847,0.10898877498847301
W31646,1.0,0.0,0.652076265933075
W31648,1.0,0.0,1.1151168243144
W31649,0.0,1.0,0.831047639308379
W31650,0.0,1.0,0.5879177819398399
W31651,1.0,0.0,0.320141183955901
W31652,1.0,0.0,0.23742780099698202
W31653,0.0,1.0,0.9150548365573171
W31654,0.0,1.0,0.577284478434213
W31655,1.0,0.0,0.756769195402994
W31656,1.0,0.0,0.76599860359393
W31657,1.0,0.0,0.39434110391142396
W31658,1.0,0.608702297256994,0.00865644469889964
W31659,1.0,0.8486041256440441,0.0
W31660,1.0,0.0,0.7080547778319208
W31661,1.0,1.0,0.0645213576036676
W31662,0.0,1.0,0.5727177280010849
W31663,1.0,0.0,1.1151168243144
W31664,1.0,0.0,0.7706513207113509
W31665,1.0,0.0,0.7383823636628639
W31666,0.0,1.0,0.9150548365573171
W31667,1.0,0.0,0.7130850000076311
W31668,0.0,1.0,0.523003597188519
W31669,1.0,0.391332528909071,0.133543423936552
W31670,1.0,0.0,0.603755663214795
W31674,1.0,0.0,0.278094073247153
W31676,0.0,1.0,0.6844806424203029
W31678,1.0,0.0,0.931896114323428
W31681,1.0,0.0,0.246619276479383
W31682,1.0,0.0,0.37720992599262
W31683,1.0,0.0,1.0105583918629202
W31684,1.0,0.0,0.234227899893608
W31685,1.0,1.0,0.0
W31686,1.0,0.0,1.1151168243144
W31687,1.0,0.0,0.8224730591643981
W31689,0.0,1.0,0.6884960694076752
W31690,1.0,0.0,1.0935040383171801
W31691,0.0,1.0,0.715002116734637
W31692,0.11185277527897,1.0,0.170687172378789
W31693,1.0,0.0,0.21210401895810999
W31695,0.0,1.0,0.55360346275028
W31696,1.0,0.0,0.7803535064218271
W31697,1.0,0.0,0.35161213258693896
W31698,0.0,1.0,0.559468436670406
W31699,0.0,1.0,0.560786557687298
W31700,0.0,1.0,0.871055315269573
W31701,1.0,0.0,1.1151168243144
W31702,1.0,0.0,0.777075885043097
W31703,1.0,0.0,1.1151168243144
W31704,0.0,1.0,0.18629872201005102
W31705,1.0,0.0,0.834550543224881
W31706,0.0,1.0,0.299298309667045
W31707,1.0,0.0,0.77286330298034
W31708,1.0,0.0,0.6051630544884721
W31711,1.0,0.0,1.07770904378824
W31712,1.0,0.0,0.5553631076808969
W31713,1.0,0.0,1.02862969275575
W31714,1.0,0.0,0.648144602986927
W31715,1.0,0.0,0.231772986289968
W31716,1.0,0.0,0.7024937096287729
W31717,0.0,1.0,0.9150548365573171
W31718,0.0,1.0,0.588198740197626
W31719,0.0,1.0,0.530092402064674
W31720,1.0,1.0,0.0423809096946308
W31721,1.0,0.0,1.0096154187707902
W31722,1.0,0.0,0.521918286436055
W31723,1.0,1.0,0.084817116157792
W31724,1.0,0.0,0.3730692529218929
W31725,1.0,1.0,0.0399114095454893
W31726,1.0,0.0,0.770300861787027
W31727,1.0,0.0,0.6117887008226071
W31728,0.0,1.0,0.9150548365573171
W31729,1.0,0.0,0.939227140689452
W31730,1.0,0.0,1.00441909172101
W31731,1.0,1.0,0.0414704272310225
W31732,1.0,0.0,0.434922979229894
W31733,1.0,0.0,0.738700987372304
W31734,1.0,0.0,0.5881718972256971
W31735,0.0,1.0,0.5952491555705329
W31736,0.0,1.0,0.44778164811843396
W31737,1.0,0.0,0.661469507209067
W31738,1.0,0.0,0.404983477314977
W31739,1.0,0.0,1.08071452809206
W31740,1.0,0.0,1.1151168243144
W31741,1.0,0.0,0.539500197915073
W31742,0.0,1.0,0.8955140456054659
W31743,1.0,0.0,0.794392656973947
W31744,1.0,0.0,0.25295501651657804
W31745,1.0,0.0,0.438386574439774
W31746,1.0,0.0,0.285098290848183
W31748,1.0,0.0,1.1151168243144
W31749,1.0,0.0,0.46128570515514294
W31750,1.0,0.0,0.71222523126895
W31751,1.0,0.0,1.1151168243144
W31752,0.697961565237046,1.0,0.0
W31755,0.32380402932893604,1.0,0.14571260846127201
W31756,1.0,0.0,0.5292739535837659
W31758,1.0,0.0,0.676374317839685
W31760,1.0,0.0,0.990372786965895
W31761,0.0,1.0,0.532198811825677
W31762,1.0,0.0,0.6570487754636459
W31764,1.0,0.0,0.7694489811597471
W31765,1.0,0.0,0.7150018025317291
W31767,1.0,0.0,1.0229013388402
W31768,0.0,1.0,0.6677600695760649
W31771,1.0,0.0,0.30564851177705604
W31773,1.0,0.0,0.397589867041396
W31775,0.0,1.0,0.8851648711532221
W31777,0.0,1.0,0.726923205319915
W31778,0.361597034444942,1.0,0.0200179772893183
W31779,1.0,1.0,0.0
W31780,0.0,1.0,0.8938438127129119
W31781,0.0,1.0,0.871184707352352
W31782,1.0,0.0,0.7064971328730649
W31783,0.0,1.0,0.3957546308026961
W31785,1.0,0.0,1.10956892982804
W31786,0.0,1.0,0.869561735864006
W31787,1.0,0.0,0.45365173363196903
W31788,0.0,1.0,0.312875305954323
W31789,1.0,0.0,0.552950274661249
W31791,1.0,0.0,0.436860360928291
W31792,1.0,0.0,0.39609612080519496
W31793,1.0,0.0,0.261636438276148
W31794,1.0,0.0,0.24056160683466102
W31795,0.6989342633016519,1.0,0.0200922389814422
W31796,1.0,1.0,0.0410586666105133
W31797,0.0,1.0,0.357282880128505
W31798,1.0,0.0,0.767847204713338
W31799,1.0,0.0,0.769793993341125
W31801,1.0,0.0,0.7687077885325329
W31802,1.0,0.0,0.6991737836142261
W31803,0.0,1.0,0.585509488785629
W31804,1.0,0.0,0.705272200183098
W31805,1.0,0.539776551448606,0.11311130576020802
W31806,0.0,1.0,0.570711075652051
W31807,1.0,0.0,0.539127961860239
W31808,1.0,0.0,0.9863770644739359
W31809,1.0,0.0,0.6989558498866241
W31811,1.0,0.0,0.232429241132769
W31812,1.0,0.0,0.626729119044583
W31813,1.0,0.0,0.695332422338666
W31814,0.0,1.0,0.5893935741798271
W31816,1.0,0.0,0.917586848064608
W31817,1.0,0.0,0.74448039839809
W31818,0.0,1.0,0.9150548365573171
W31819,0.0,1.0,0.9150548365573171
W31820,1.0,0.0,1.1151168243144
W31821,1.0,0.0,0.70825898838728
W31822,1.0,0.0,0.37147919556773296
W31823,1.0,0.0,1.1151168243144
W31824,1.0,0.0,0.8551081122699971
W31825,1.0,0.0,0.5372771624324629
W31826,1.0,0.0,1.0900313908229
W31827,0.0,1.0,0.563270005944866
W31828,1.0,0.0,0.741085577433746
W31829,1.0,0.0,0.211890726759626
W31830,1.0,0.0,0.43084637586075497
W31831,0.0,1.0,0.861779864311439
W31832,0.0,1.0,0.84133645133001
W31834,0.0,1.0,0.9150548365573171
W31835,0.0,1.0,0.505123749372139
W31836,1.0,0.0,0.6919421684339819
W31837,1.0,0.0,0.569361415372843
W31838,0.0,1.0,0.9150548365573171
W31839,0.0,1.0,0.5748683700067819
W31840,1.0,0.0,1.10752022303086
W31841,0.646045315854914,1.0,0.114585621149605
W31842,1.0,0.0,0.571209398164274
W31845,1.0,0.0,0.7232428916507141
W31846,0.0,1.0,0.473802495076891
W31847,0.0,1.0,0.538009705695382
W31849,0.0,1.0,0.8816020011085149
W31850,0.0,1.0,0.5718990182433951
W31851,0.0,1.0,0.9150548365573171
W31854,1.0,0.0,0.44206642545966296
W31855,0.0,1.0,0.5905469601382289
W31856,1.0,0.0,0.961177412610407
W31857,1.0,0.0,0.6206586910786179
W31858,0.0,1.0,0.615014705930607
W31859,1.0,0.0,0.245737283884353
W31860,1.0,0.0,0.245468032149392
W31861,1.0,0.0,1.06557457379186
W31864,1.0,0.0,0.8703079399474091
W31865,1.0,0.0,0.7608825717597859
W31866,1.0,0.0,0.715335381478285
W31868,1.0,0.0,0.658862767996538
W31870,1.0,0.0,0.522276472186021
W31871,1.0,0.0,1.09677883894663
W31872,1.0,0.0,0.8323188995522359
W36865,1.0,1.0,0.0037059816007590004
W36866,1.0,0.0,0.869548229401432
W36867,1.0,0.393612064056286,0.0
W36868,1.0,0.0,0.8681761662331658
W36869,0.0,1.0,0.823169277929979
W36871,0.0,1.0,0.7053256806259469
W36873,1.0,0.0,0.8370001415773148
W36874,1.0,0.0,0.773550107205264
W36875,1.0,0.0,1.0740636590838701
W36876,0.0,1.0,0.8603706180875892
W36877,1.0,0.0,0.5440303673611421
W36878,0.0,1.0,0.6719920220027171
W36879,1.0,0.0,0.850513568588295
W36881,0.0,1.0,0.6974012669824571
W36882,0.0,1.0,0.290490759103997
W36883,0.0,1.0,0.7171364851998159
W36885,1.0,0.0,1.02248985527826
W36886,1.0,0.0,0.262600831435421
W36887,1.0,0.534677568781923,0.11920498591928198
W36889,0.0,1.0,0.825475364559665
W36890,1.0,0.0,0.21641041791247603
W36891,1.0,0.0,0.834682647496718
W36892,1.0,0.0,0.8597477750918691
W36893,1.0,0.0,0.22238475874581895
W36894,0.0,1.0,0.47735470588768
W36895,1.0,0.0,1.02461909707541
W36897,0.0,1.0,0.8914182556304442
W36898,0.0,1.0,0.670655871990376
W36899,1.0,0.0,0.49786159184172496
W36900,0.0,1.0,0.538971370802658
W36901,0.0,1.0,0.6970717091633021
W36902,0.0,1.0,0.547489756745049
W36903,1.0,0.0,0.7812661934595541
W36905,0.0,1.0,0.7386632654673709
W36906,0.0,1.0,0.76275317060702
W36907,1.0,0.0,1.02292890110327
W36908,1.0,0.0,1.1151168243144
W36909,1.0,0.5173463211776529,0.120303357093556
W36910,1.0,0.0,1.08739180505396
W36911,1.0,0.0,1.05137835177355
W36912,1.0,0.0,0.562508812429391
W36913,0.0,1.0,0.7124574520355491
W36914,1.0,0.0,0.763968195388162
W36915,1.0,0.0,0.266369469870428
W36916,1.0,0.0,0.664704254252781
W36917,1.0,0.0,0.884760968873457
W36918,1.0,0.0,1.1151168243144
W36919,0.0,1.0,0.5388221136591229
W36920,1.0,0.0,0.9107720486141551
W36921,1.0,0.0,1.09857990823123
W36922,0.0,1.0,0.47722530405080105
W36923,0.0,1.0,0.7928084106205779
W36924,1.0,0.0,0.7409951444484509
W36925,1.0,0.0,0.8028228772592131
W36926,1.0,0.0,0.696249860465704
W36927,0.0,1.0,0.38472747161957005
W36928,1.0,0.0,0.591086860419783
W36929,1.0,0.6306959134258431,0.0
W36930,1.0,0.0,1.10456669332916
W36931,0.130309920269252,1.0,0.16746976322621301
W36932,1.0,0.0,1.08089473934018
W36933,1.0,0.0,1.0045095887762199
W36934,1.0,0.0,0.26357012028610605
W36935,0.0,1.0,0.238968737493019
W36936,1.0,0.0,0.779355934054846
W36939,1.0,0.0,1.05156683570272
W36940,1.0,0.0,1.1151168243144
W36941,1.0,0.0,0.851498401643866
W36942,1.0,0.0,0.8196957007253629
W36943,0.0,1.0,0.9150548365573171
W36944,1.0,0.9997353209823909,0.0
W36945,1.0,1.0,0.0410586666105133
W36946,1.0,0.0,0.598098995340333
W36947,1.0,0.0,0.777831757042503
W36948,1.0,0.0,1.1151168243144
W36949,0.0,1.0,0.80563169893313
W36950,0.0,1.0,0.884107845359227
W36951,0.0,1.0,0.5626202045417761
W36952,0.0,1.0,0.604051651428334
W36953,0.0,1.0,0.426797613818147
W36954,0.0,1.0,0.914695274724693
W36955,1.0,0.0,0.612360082069404
W36956,1.0,0.0,0.729235581395711
W36957,1.0,0.0,0.9708662082150279
W36958,1.0,0.0,1.0982055182906898
W36959,0.0,1.0,0.88444649203839
W36960,0.0,1.0,0.493969536545291
W36961,1.0,0.0,0.9232546744639949
W36962,1.0,0.0,0.8449778950914351
W36963,1.0,0.0,0.8914055547026071
W36964,1.0,0.0,0.8274752619781349
W36966,1.0,0.0,0.9835920594559191
W36967,0.0,1.0,0.823169277929979
W36969,1.0,0.0,0.230278219271013
W36970,1.0,0.0,1.09026145418068
W36971,1.0,0.0,0.826138459476975
W36972,1.0,0.0,0.509158922208215
W36973,1.0,0.0,0.37996183066613304
W36974,0.0,1.0,0.529721343232785
W36975,1.0,0.0,0.9312453595681991
W36976,0.698191172031075,1.0,0.0818306917210792
W36978,0.0,1.0,0.8736065494645721
W36979,1.0,0.0,0.91138603454814
W36980,1.0,0.0,0.704656020965004
W36981,1.0,0.0,0.24456891766730604
W36982,1.0,0.0,0.617822093722734
W36983,0.0,1.0,0.38111416723351293
W36984,1.0,0.0,0.8573583357928841
W36985,0.0,1.0,0.560736337955376
W36987,1.0,0.0,0.436769261453669
W36990,1.0,0.0,0.925503421321353
W36991,1.0,0.0,0.595196005657579
W36992,0.0,1.0,0.7161894099224121
W36993,0.0,1.0,0.904386881714397
W36994,1.0,0.0,1.1151168243144
W36995,0.0,1.0,0.9150548365573171
W36996,0.0,1.0,0.441412269451327
W36997,0.0,1.0,0.890324169809271
W36998,0.0,1.0,0.22823027861640902
W36999,1.0,0.0,0.45935559070034204
W37000,1.0,0.0,0.8528489060294542
W37001,1.0,0.0,0.49839110721914703
W37003,1.0,0.0,0.20497045820031098
W37004,1.0,0.0,1.1151168243144
W37005,1.0,0.0,0.622610843675709
W37006,1.0,1.0,0.0370606951265554
W37008,0.0,1.0,0.7203862656012091
W37009,1.0,0.0,0.636550572952672
W37010,1.0,1.0,0.0376454962736554
W37011,0.0,1.0,0.9150548365573171
W37012,1.0,0.0,0.495788262063385
W37013,1.0,0.0,1.1151168243144
W37014,0.0,1.0,0.811655472785909
W37015,1.0,0.0,0.5762919998764511
W37016,1.0,0.0,0.672463091419636
W37017,0.0,1.0,0.46683325279083704
W37018,0.0,1.0,0.9150548365573171
W37019,0.0,1.0,0.5983392739319251
W37020,0.0,1.0,0.9150548365573171
W37022,1.0,0.0,0.25024812892422
W37023,0.0,1.0,0.8530588486783691
W37024,0.0,1.0,0.734912582685042
W37025,1.0,0.0,0.74401758206863
W37026,1.0,0.0,0.21230771893676698
W37027,0.0,1.0,0.541497431686199
W37028,1.0,0.0,0.7570067299500061
W37029,1.0,0.6733271678492491,0.0906467255442774
W37030,0.0,1.0,0.544958044491611
W37031,0.0,1.0,0.553427367115051
W37032,1.0,0.0,0.709627042173759
W37034,1.0,0.0,0.21722284565731698
W37035,1.0,1.0,0.0262784467493795
W37036,0.0,1.0,0.573953981882294
W37037,0.0,1.0,0.44461923356791994
W37039,0.0,1.0,0.7944049964860691
W37040,1.0,0.0,1.06529658750835
W37041,0.0,1.0,0.914493747118124
W37042,0.0,1.0,0.898337073692856
W37043,1.0,0.0,1.03859309037411
W37044,1.0,0.0,1.06465372810369
W37045,1.0,0.0,0.917777156041397
W37046,1.0,0.0,0.796106494669587
W37047,1.0,0.0,0.8208707108594641
W37048,1.0,0.0,0.725996633015951
W37049,0.0,1.0,0.40015645612169
W37050,1.0,1.0,0.0103076691486683
W37051,0.0,1.0,0.52985400436011
W37052,0.0,1.0,0.7493826278954829
W37053,1.0,0.6848519216938069,0.000447258786721624
W37054,0.0,1.0,0.886516169794634
W37055,1.0,0.0,0.8236565427915942
W37056,0.0,1.0,0.905450904026388
W37057,1.0,0.0,1.0738476747963699
W37058,1.0,0.0,0.9425662109645758
W37059,0.0,1.0,0.528531910321364
W37060,1.0,0.0,0.957705388590021
W37061,0.0,1.0,0.43447604432140097
W37063,1.0,0.0,0.442755996644863
W37065,0.0,1.0,0.748087544762927
W37066,0.0,1.0,0.296444693337408
W37067,0.0,1.0,0.8684297349840442
W37068,0.0,1.0,0.7123605871239
W37069,1.0,0.0,0.8428346104586371
W37070,1.0,0.0,0.44005508477285105
W37072,1.0,0.622905086814778,0.10505321061619699
W37073,1.0,0.0,0.8554824721003459
W37074,1.0,0.0,0.5733511502807801
W37075,1.0,0.0,0.842571454084717
W37077,1.0,0.0,0.403698538833241
W37078,1.0,0.0,0.332368568445776
W37079,0.0,1.0,0.407597351456706
W37080,1.0,0.0,1.1151168243144
W37081,1.0,0.0,0.800447864421996
W37082,1.0,0.0,1.0568740867892
W37083,0.0,1.0,0.774070116885217
W37084,0.0,1.0,0.7454224923443641
W37085,1.0,0.0,0.5484765600355379
W37086,0.0,1.0,0.48836085921053995
W37087,0.0,1.0,0.9150548365573171
W37088,0.0,1.0,0.753666250406968
W37089,1.0,0.0,1.08682958254478
W37090,1.0,0.0,0.33276700636909196
W37091,1.0,0.0,0.16332006384658598
W37092,1.0,0.571167660602395,0.10607709775834599
W37093,1.0,1.0,0.0
W37094,1.0,0.0,1.0806175043458999
W37095,0.0,1.0,0.303711251191466
W37096,1.0,0.0,0.889283984089696
W37097,1.0,0.0,0.25653394657947304
W37098,1.0,0.0,0.822763632457404
W37099,0.0,1.0,0.784498363664061
W37100,1.0,0.0,1.08207759354238
W37101,1.0,0.0,0.548569468946157
W37102,1.0,0.0,0.773038469802167
W37103,0.0,1.0,0.784498363664061
W37104,1.0,0.0,0.7117828133305251
W37105,1.0,0.0,1.0837191318735602
W37106,0.0,1.0,0.889737800284444
W37108,1.0,1.0,0.00685195890970707
W37109,1.0,1.0,0.0243968360010215
W37110,0.0,1.0,0.5554769125767289
W37111,1.0,0.0,0.9766462184732378
W37112,0.0,1.0,0.9016105322807041
W37113,0.0,1.0,0.583767230079217
W37114,1.0,0.0,0.7084276918761541
W37115,1.0,1.0,0.0210924720182611
W37116,1.0,0.0,0.8477142136202229
W37117,1.0,0.0,0.263489292535403
W37118,1.0,0.0,0.588009340708663
W37119,0.0,1.0,0.559680839136136
W37120,0.0,1.0,0.6358223891326751
W37121,0.0,1.0,0.7506230229823629
W37122,1.0,0.0,0.811488105325248
W37123,1.0,0.0,1.1151168243144
W37124,1.0,0.0,0.969903187084499
W37125,0.0,1.0,0.8416471771783951
W37127,0.0,1.0,0.9150548365573171
W37128,1.0,0.0,0.581352235672209
W37130,0.0,1.0,0.6348737801631159
W37131,0.0,1.0,0.596229131568046
W37132,1.0,0.0,1.1151168243144
W37133,1.0,0.0,1.1151168243144
W37134,0.0,1.0,0.273170946445648
W37135,0.0,1.0,0.846226387263402
W37137,1.0,0.0,0.6244714131563249
W37138,1.0,0.0,1.01809126246387
W37139,0.0,1.0,0.753496683794799
W37140,0.0,1.0,0.23721739707189002
W37141,0.0,1.0,0.5579920220876661
W37142,1.0,0.0,0.754896058095756
W37143,0.0,1.0,0.914190393824123
W37144,0.0,1.0,0.437539745235344
W37145,0.0,1.0,0.558600168466004
W37146,0.0,1.0,0.8914224647113709
W37147,1.0,1.0,0.0384056161274908
W37148,1.0,0.0,1.0688920874219499
W37150,1.0,0.0,0.425590134483161
W37151,0.0,1.0,0.898340707584649
W37152,0.0,1.0,0.547705936359675
W37153,1.0,1.0,0.0041701088544299
W37154,0.0,1.0,0.487196829277194
W37156,0.0,1.0,0.718678599642306
W37157,1.0,0.0,0.8933377806451459
W37158,0.0,1.0,0.776829738415121
W37159,0.0,1.0,0.7857317271673622
W37161,1.0,1.0,0.0
W37162,0.0,1.0,0.820208773013619
W37163,1.0,1.0,0.0
W37164,0.0,1.0,0.448186240884586
W37165,0.0,1.0,0.6765645106317509
W37166,0.0,1.0,0.603024005107301
W37167,1.0,0.0,0.567187978544532
W37168,0.0,1.0,0.7049357754563791
W37169,1.0,0.0,1.08861696982621
W37170,1.0,0.0,0.9853718988866809
W37171,0.0,1.0,0.5778555969063229
W37172,1.0,0.0,0.8156164696087909
W37173,0.0,1.0,0.8581941761694699
W37174,0.0,1.0,0.771296988263256
W37175,1.0,0.0,1.1151168243144
W37176,1.0,0.0,0.8461096711876999
W37177,1.0,0.0,0.59238731600111
W37178,0.0,1.0,0.48668568917477506
W37179,1.0,0.0,1.07116470428021
W37180,1.0,0.0,0.7301471758897321
W37181,1.0,0.0,1.09015857555167
W37182,1.0,0.0,0.24131251062548398
W37183,1.0,1.0,0.00711100920728621
W37184,1.0,0.0,0.146871104076714
W37185,1.0,0.0,0.7508334588125228
W37186,1.0,0.0,0.573114110409725
W37187,0.0,1.0,0.5517861518785789
W37188,1.0,0.0,0.21744712219671
W37190,0.0,1.0,0.6005171430246511
W37191,1.0,0.0,0.626047664246411
W37192,1.0,0.0,0.8883519524460479
W37193,0.0,1.0,0.719915833960164
W37194,0.0,1.0,0.5765368874735071
W37195,0.0,1.0,0.9150548365573171
W37196,1.0,0.0,1.06748738473741
W37197,0.0,1.0,0.9150548365573171
W37198,0.0,1.0,0.304019812559765
W37199,0.0,1.0,0.7222322902315809
W37200,1.0,0.0,1.07386461772375
W37201,1.0,0.0,0.647381507936264
W37202,0.0,1.0,0.403325556245199
W37203,1.0,0.0,0.24895836005917701
W37204,1.0,0.0,1.1151168243144
W37205,1.0,0.0,0.7534357905246609
W37206,1.0,0.0,1.10379504317994
W37207,1.0,0.0,0.860819291191028
W37208,0.0,1.0,0.88294981333371
W37209,1.0,0.0,0.6900619245105789
W37210,1.0,0.0,0.654441838090806
W37211,1.0,0.0,0.21926787984761897
W37212,1.0,0.0,0.32675222144045
W37213,1.0,1.0,0.0552571493500181
W37215,0.0,1.0,0.762100687183245
W37216,0.0,1.0,0.530092402064674
W37217,0.0,1.0,0.576673316383319
W37218,1.0,0.0,1.08190410501957
W37219,0.0,1.0,0.576673316383319
W37220,0.0,1.0,0.9150548365573171
W37221,0.0,1.0,0.553792776019463
W37223,0.0,1.0,0.9150548365573171
W37224,1.0,0.0,0.74010234611885
W37225,1.0,0.0,0.8183427757698379
W37226,1.0,0.0,0.223073778389727
W37227,0.0,1.0,0.899830176611705
W37228,1.0,1.0,0.0815043719342408
W37229,1.0,0.516433499120407,0.12091957736618901
W37230,1.0,0.0,1.1151168243144
W37231,0.0,1.0,0.9150548365573171
W37232,1.0,0.0,0.595317600741746
W37233,0.0,1.0,0.5666624086325551
W37234,0.0,1.0,0.573177699468678
W37235,1.0,0.0,1.07884275226472
W37236,0.0,1.0,0.420233116638972
W37237,1.0,0.0,0.7295983093517611
W37238,1.0,0.0,0.15054518043666199
W37239,0.0,1.0,0.9150548365573171
W37240,1.0,0.0,0.492948174289558
W37241,0.0,1.0,0.9150548365573171
W37242,1.0,0.0,0.680181831421402
W37243,0.0,1.0,0.9150548365573171
W37244,1.0,0.0,1.06884003885209
W37245,0.0,1.0,0.5625136468419929
W37246,0.0,1.0,0.5395887140437959
W37247,1.0,0.0,0.23151206217184903
W37248,0.0,1.0,0.237652324211727
W37249,1.0,0.0,0.860874655454922
W37250,0.0,1.0,0.8011391272196139
W37251,0.0,1.0,0.7043667794336429
W37252,1.0,0.0,0.176979729730055
W37253,0.0,1.0,0.7122336656965591
W37258,1.0,0.0,0.8279729287740841
W37259,0.0,1.0,0.47399475458104207
W37260,0.274346138520276,1.0,0.132708037799848
W37261,1.0,0.0,0.27268271821859097
W37262,0.0,1.0,0.484932957713625
W37264,0.0,1.0,0.7091790328109171
W37265,0.0,1.0,0.7021692501309781
W37266,0.0,1.0,0.7368833245190128
W37267,1.0,0.0,1.0784175907626
W37268,1.0,1.0,0.0
W37269,0.0,1.0,0.754434048138943
W37270,1.0,0.0,1.01137542536148
W37273,1.0,0.0,0.437202644702492
W37274,1.0,0.0,0.29682728323887797
W37275,0.0,1.0,0.7647739570803329
W37276,0.0,1.0,0.716781414832573
W37277,1.0,0.0,0.832603095074846
W37278,1.0,0.0,0.43311785145943393
W37279,1.0,0.0,0.27369544035249604
W37280,1.0,0.0,1.0522871440994799
W37281,1.0,0.0,1.0314872381500202
W37282,0.0,1.0,0.8110751360997019
W37283,1.0,0.0,0.822139665977869
W37284,0.0,1.0,0.829435363786879
W37285,0.0,1.0,0.7357059550071842
W37286,1.0,0.0,0.839928016622732
W37288,1.0,0.0,0.8317981381408509
W37289,1.0,0.0,0.225041161402337
W37290,1.0,0.0,1.1151168243144
W37291,1.0,0.0,0.3659790816214021
W37292,0.0,1.0,0.8665650077611241
W37293,0.0,1.0,0.8533035058879809
W37294,0.0,1.0,0.702916927868095
W37295,1.0,0.94105330043727,0.10473067646010001
W37296,1.0,0.0,1.05640690485968
W37297,1.0,0.0,0.8399134852902029
W37298,0.0,1.0,0.568917237851826
W37300,1.0,0.0,0.6404725236326521
W37301,0.0,1.0,0.868214497462571
W37302,1.0,0.0,0.806074459744876
W37303,1.0,0.0,0.8343595530096201
W37304,1.0,0.0,0.8293908049081992
W37305,1.0,0.0,0.8914055547026071
W37306,0.0,1.0,0.781509161864891
W37307,0.0,1.0,0.8662292520611901
W37308,1.0,0.0,0.700807982374209
W37309,0.17483485945059002,1.0,0.161574686931019
W37310,1.0,0.74193000175522,0.095375998411991
W37311,1.0,0.0,0.15134673313275798
W37312,1.0,0.0,0.5682065942691129
W37313,0.0,1.0,0.698735203247361
W37314,0.0,1.0,0.37051111402569803
W37315,1.0,0.0,0.639755962418485
W37317,0.6789204162622791,1.0,0.031555977986298
W37318,0.0,1.0,0.9150548365573171
W37319,1.0,0.0,0.232594482073665
W37320,1.0,1.0,0.0
W37322,1.0,0.0,1.1151168243144
W37323,0.0,1.0,0.48085772379391206
W37324,1.0,0.0,0.7743017924174359
W37325,0.0,1.0,0.568398329083243
W37326,1.0,0.0,0.7610809012582171
W37327,1.0,0.0,0.270065522134425
W37328,1.0,0.9997309339579409,0.0
W37330,1.0,0.0,0.9562378508644039
W37331,1.0,0.619748751094678,0.0989633316018037
W37332,1.0,0.0,0.6758546120012728
W37334,1.0,0.0,0.269977780391375
W37335,1.0,0.0,0.663971637666315
W37336,0.0,1.0,0.690132978924216
W37337,1.0,0.0,0.877652912240207
W37338,0.0,1.0,0.7930643394651841
W37339,0.0,1.0,0.584825764090124
W37341,1.0,0.0,1.1151168243144
W37342,0.0,1.0,0.700010913439025
W37344,0.0,1.0,0.6864079080385141
W37345,0.0,1.0,0.715570472287388
W37346,0.0,1.0,0.7399238198374821
W37347,0.0,1.0,0.259840380294696
W37348,1.0,0.0,1.01695454423591
W37349,1.0,0.0,0.23779289094264702
W37350,1.0,0.0,0.7921176393699669
W37353,0.0,1.0,0.726923205319915
W37354,1.0,0.0,0.443689111609044
W37355,1.0,1.0,0.0
W37356,1.0,1.0,0.0198391870600072
W37357,1.0,0.0,0.928937778346682
W37358,1.0,0.0,0.8458471569675501
W37361,0.0,1.0,0.702252830006064
W37362,1.0,0.0,0.439797306827021
W37363,1.0,0.0,0.7671736044344429
W37364,0.0,1.0,0.618475296545853
W37365,0.0,1.0,0.8904780535971529
W37366,0.0,1.0,0.6972182573512529
W37367,1.0,0.0,0.857528041199332
W37369,0.0,1.0,0.42666486600908504
W37371,0.0,1.0,0.9150548365573171
W37372,1.0,0.0,0.5934864824482211
W37373,1.0,0.0,0.726501264020343
W37374,0.0,1.0,0.45052113963839896
W37375,1.0,1.0,0.008741445417191171
W37376,1.0,0.0,0.853595119116611
W37377,0.0,1.0,0.7291740973348071
W37378,0.0,1.0,0.8561487584155741
W37379,1.0,0.0,0.759146574167819
W37380,0.0,1.0,0.857539938289766
W37381,0.0,1.0,0.859139515532093
W37382,1.0,1.0,0.0201374583578448
W37384,1.0,0.0,0.812535610797591
W37385,1.0,0.0,0.8472790523841821
W37386,0.0,1.0,0.795750495965865
W37387,0.0,1.0,0.534738494537355
W37389,0.0,1.0,0.579905045239733
W37390,1.0,0.0,1.03353425110157
W37391,0.0,1.0,0.716308352746611
W37392,1.0,0.0,0.506643942202609
W37393,0.0,1.0,0.593804478275031
W37394,1.0,0.0,0.26687985713684
W37395,0.0,1.0,0.34296283083714396
W37396,0.0,1.0,0.8718080677519541
W37397,1.0,1.0,0.0388947972994671
W37398,0.530236164442375,1.0,0.133003070230518
W37399,1.0,0.0,1.1151168243144
W37401,1.0,0.0,1.0008454324942602
W37402,1.0,0.0,1.0196562226633001
W37403,0.0,1.0,0.544143865974165
W37405,1.0,0.0,0.9735599360548821
W37406,0.0,1.0,0.8934814473653051
W37407,0.0,1.0,0.872832403686163
W37409,0.0,1.0,0.3974668102512489
W37410,0.0,1.0,0.858053756699887
W37411,0.0,1.0,0.587519211830435
W37412,1.0,0.0,0.648994720232033
W37413,0.0,1.0,0.8821370233670249
W37414,0.0,1.0,0.49942997589931504
W37415,0.0,1.0,0.575659599919695
W37417,1.0,0.0,1.07474602421232
W37418,1.0,0.0,0.4671808766058271
W37419,1.0,0.0,0.7468190582696981
W37420,0.0,1.0,0.890202837711163
W37421,0.0,1.0,0.9150548365573171
W37422,0.0,1.0,0.7620195000759621
W37424,1.0,0.0,1.07353512100039
W37425,1.0,0.0,0.153317090772664
W37426,0.0,1.0,0.612472621347568
W37427,1.0,1.0,0.0
W37428,0.0,1.0,0.45546302185053006
W37429,0.0,1.0,0.59449741769577
W37430,1.0,0.0,0.6071096538889621
W37431,1.0,0.0,0.903615269458031
W37432,1.0,0.0,0.8568577114762691
W37433,0.0,1.0,0.8024561621288421
W37434,1.0,0.0,0.581978385483781
W37435,0.0,1.0,0.35935081769574895
W37436,1.0,0.0,0.325600359365508
W37437,0.0,1.0,0.6838329624337239
W37442,0.0,1.0,0.24833589555278499
W37443,1.0,0.0,0.905235653073274
W37446,1.0,0.9997395642273471,0.0
W37449,1.0,0.0,0.23719998192371902
W37450,0.0,1.0,0.40548611538478396
W37451,1.0,0.6908704395328531,0.0355385561729813
W37452,1.0,0.0,0.354628327376723
W37453,0.0,1.0,0.680511968145473
W37454,1.0,0.0,0.8076992749972801
W37455,0.0,1.0,0.382432197018008
W37456,1.0,0.0,0.9900441922367791
W37457,1.0,0.0,0.8714586021801021
W37458,1.0,0.0,0.8359523149912891
W37459,0.0,1.0,0.691602786445083
W37460,1.0,0.0,1.0916816181220401
W37461,1.0,0.672101577980425,0.10660527118552002
W37462,0.0,1.0,0.74030211751554
W37463,1.0,0.0,0.9002503175494351
W37465,0.0,1.0,0.7288389772029158
W37466,1.0,0.0,0.9554649079995731
W37467,1.0,0.0,0.791223615180386
W37468,1.0,0.0,0.26756146609258996
W37469,1.0,0.0,1.09154373517571
W37470,1.0,0.0,1.01189156341119
W37471,1.0,0.0,0.24358675789353199
W37473,0.0,1.0,0.754434048138943
W37474,0.0,1.0,0.505118485466397
W37475,1.0,0.0,0.455713798440224
W37476,1.0,0.0,1.1151168243144
W37477,0.0,1.0,0.608256420737349
W37478,1.0,0.0,0.657867399728885
W37479,0.0,1.0,0.253246613058474
W37480,1.0,0.0,0.8175179605362042
W37481,1.0,0.0,0.851804559528414
W37482,0.0,1.0,0.46170189051775606
W37483,1.0,0.0,0.299308950891284
W37484,1.0,1.0,0.0271868696094938
W37485,0.0,1.0,0.5921971636437641
W37486,0.0,1.0,0.90792789314051
W37487,0.0,1.0,0.8585571752636121
W37488,1.0,0.0,0.8697822854346301
W37489,1.0,1.0,0.0
W37490,1.0,0.0,0.230023732305523
W37491,1.0,0.0,0.7632354688060009
W37492,0.0,1.0,0.9150548365573171
W37493,0.0,1.0,0.9150548365573171
W37494,1.0,0.0,0.9585100877048629
W37496,1.0,0.0,0.7526666402645691
W37497,1.0,0.0,0.269593702353494
W37498,0.0,1.0,0.7403043761455259
W37499,1.0,0.0,0.7551789166745558
W37500,1.0,0.0,0.709960773893921
W37501,0.0,1.0,0.44241358938480496
W37502,0.0,1.0,0.902108355848322
W37504,1.0,0.0,1.0380272017535899
W37505,0.0,1.0,0.48469265847438997
W37506,1.0,1.0,0.0253438722509118
W37507,0.0,1.0,0.9150548365573171
W37508,1.0,0.0,0.756546188225915
W37509,1.0,0.0,0.7685057799817909
W37510,0.8027720819387829,1.0,0.116850857999609
W37511,0.0,1.0,0.46636544605367103
W37512,0.0,1.0,0.64659870064918
W37514,1.0,0.0,0.67424206496123
W37515,1.0,1.0,0.0
W37516,0.0,1.0,0.20595220198173
W37517,0.0,1.0,0.601391297562581
W37518,1.0,0.0,0.545131079193529
W37519,1.0,0.0,1.05477534000622
W37520,0.0,1.0,0.6739631132948759
W37521,1.0,0.0,0.928519111656808
W37522,0.0,1.0,0.733105236689231
W37523,0.0,1.0,0.597516679076484
W37524,1.0,0.0,0.486214506821642
W37525,1.0,0.0,1.10231701866697
W37526,1.0,0.0,0.280310403529062
W37527,0.0,1.0,0.286553764178941
W37528,1.0,0.0,0.883522178084613
W37529,0.0,1.0,0.502179918012307
W37530,1.0,0.0,0.508929710964103
W37531,1.0,1.0,0.0
W37532,1.0,0.0,0.770067602734572
W37534,0.0,1.0,0.7981197996952378
W37535,1.0,0.0,1.05930640197089
W37537,0.0,1.0,0.7231448369229301
W37538,0.0,1.0,0.386503433663409
W37539,0.0,1.0,0.8378792808187759
W37540,0.0,1.0,0.7418750485111519
W37541,0.0,1.0,0.769125551873644
W37542,0.0,1.0,0.726755429149658
W37545,0.0,1.0,0.385288565166649
W37546,1.0,0.0,0.808516739486578
W37548,0.0,1.0,0.6747785692583521
W37549,0.0,1.0,0.5156889413782729
W37551,1.0,0.0,0.558839437592912
W37552,1.0,0.0,0.9424501712659492
W37553,1.0,0.0,0.8607147550056601
W37554,0.0,1.0,0.724790590479192
W37555,0.0,1.0,0.569013949356135
W37557,1.0,1.0,0.0923897537895908
W37558,1.0,0.0,0.37529650052899605
W37561,0.0,1.0,0.717772732983872
W37562,1.0,0.0,0.983033938066395
W37563,0.0,1.0,0.869841833843005
W37564,1.0,0.0,0.6863678073865971
W37565,0.0,1.0,0.8086800179432
W37566,0.0,1.0,0.70013275148684
W37567,1.0,0.0,0.43071805684895204
W37568,1.0,0.0,1.0836987876192499
W37569,1.0,0.0,0.8869962838086141
W37570,1.0,0.0,1.0822762304559
W37572,1.0,0.0,0.330133032793555
W37573,0.0,1.0,0.599360618930598
W37574,0.0,1.0,0.856741823748807
W37575,0.0,1.0,0.254158452490812
W37577,0.0,1.0,0.736271494760143
W37578,1.0,0.0,0.8242782313756691
W37579,1.0,0.0,0.7109805154056621
W37580,1.0,0.0,1.09163026559822
W37581,1.0,0.0,0.559696854213943
W37582,1.0,0.0,0.751944159814129
W37583,0.0,1.0,0.517925316720415
W37584,1.0,0.9912899463950259,0.0
W37585,1.0,0.0,0.835728004471106
W37586,0.0,1.0,0.8939668026207371
W37587,1.0,0.0,0.6493103461791279
W37588,1.0,0.0,0.775631374100768
W37589,1.0,0.0,0.788730722144695
W37591,0.0,1.0,0.6865387824091971
W37593,1.0,0.0,1.0428482927844598
W37594,1.0,0.0,0.7759943802784408
W37595,1.0,0.0,0.37115752795834206
W37596,1.0,0.0,0.562937530939202
W37597,1.0,0.0,1.06844419616914
W37599,1.0,0.0,0.22110531603496697
W37601,1.0,0.0,0.8637799336879709
W37602,0.0,1.0,0.46475655107494895
W37603,0.0,1.0,0.331726140983237
W37604,1.0,0.0,0.662841471543266
W37605,0.0,1.0,0.604282297376443
W37606,0.0,1.0,0.38624016204883205
W37607,0.0,1.0,0.6612816553688678
W37608,1.0,0.0,0.48339727338734606
W37609,1.0,0.9997046061604491,0.0
W37610,1.0,0.700493257602341,0.0
W37611,1.0,0.0,0.7492125744751851
W37612,0.0,1.0,0.5034467540386239
W37613,1.0,0.0,0.7483208612060159
W37614,0.0,1.0,0.894305578377205
W37615,1.0,0.0,1.11012390017349
W37617,0.145142071062602,1.0,0.164968722057565
W37618,1.0,0.0,0.922918103475149
W37619,1.0,0.0,0.21145020381313603
W37620,0.0,1.0,0.667182894914345
W37621,0.0,1.0,0.6794960047602672
W37622,0.0,1.0,0.6923355709411261
W37624,1.0,0.0,0.8169770019607021
W37625,1.0,0.0,0.335014593684604
W37627,1.0,0.0,0.209750510990956
W37628,1.0,0.0,0.18738716314552104
W37629,1.0,0.0,0.68405883356695
W37630,0.0,1.0,0.8654714401502879
W37631,0.0,1.0,0.8693086250132571
W37633,0.0,1.0,0.706402147465711
W37634,0.0,1.0,0.707627726250952
W37635,0.0,1.0,0.29482079367972197
W37642,1.0,0.0,0.135145814915277
W37644,1.0,0.0,0.304470784944301
W37650,0.6695882656138211,1.0,0.0865483773704747
W37651,0.0,1.0,0.8211687638109579
W37653,1.0,0.0,0.36366371005174397
W37654,1.0,0.0,0.823137158295532
W37657,1.0,0.0,0.9097305727645959
W37658,0.0,1.0,0.327997372422711
W37660,1.0,0.0,0.907869911500815
W37661,0.0,1.0,0.692504528111047
W37663,1.0,0.0,1.0601509540240401
W37664,1.0,0.0,0.846741723657426
W37665,0.0,1.0,0.5926709587996509
W37666,1.0,1.0,0.0637762711527683
W37667,1.0,0.0,0.752933605676055
W37668,0.0,1.0,0.525356617673458
W37669,1.0,0.0,0.8089176199097841
W37670,0.0,1.0,0.7282798236244079
W37673,1.0,0.0,1.06700268757129
W37674,1.0,0.0,0.16687241416800597
W37675,0.0,1.0,0.714242096826229
W37676,1.0,0.0,0.5269556776713871
W37680,1.0,0.0,0.84928063507855
W37682,0.0,1.0,0.680533347414541
W37683,0.0,1.0,0.813736135894766
W37684,1.0,0.0,0.586278487325871
W37685,1.0,0.0,0.623260877619296
W37686,1.0,1.0,0.0
W37687,1.0,0.0,0.9703326998299859
W37689,1.0,0.0,0.882309514280864
W37691,0.0,1.0,0.771465627661847
W37692,0.0,1.0,0.7578782648928208
W37693,0.0,1.0,0.8095595771668559
W37694,1.0,0.0,0.8123972581728051
W37696,1.0,0.0,1.04579254550092
W37698,1.0,0.0,0.263423111593875
W37699,0.0,1.0,0.792208345817515
W37700,1.0,0.0,0.83105252657682
W37701,1.0,0.0,0.844792302185871
W37702,1.0,0.0,0.703582078581655
W37704,1.0,0.0,0.448652053559563
W37706,1.0,0.0,0.8359168290292671
W37707,1.0,0.0,0.56529956114541
W37708,0.0,1.0,0.872615217229106
W37709,1.0,1.0,0.0
W37710,0.0,1.0,0.78984016809945
W37711,1.0,0.0,1.1151168243144
W37712,1.0,0.0,0.496684442591346
W37713,0.0,1.0,0.176949433519863
W37714,0.0,1.0,0.799687365961188
W37715,1.0,0.0,0.8896113504770631
W37716,1.0,0.0,0.5872169335056939
W37717,1.0,0.0,1.0346323521455698
W37718,0.0,1.0,0.565501560501817
W37719,1.0,0.0,0.27701713521503
W37720,0.0,1.0,0.7217117001001891
W37721,1.0,0.0,0.6050997665467621
W37722,1.0,0.0,0.6370774674660121
W37723,1.0,0.6936578794212629,0.10687039264224699
W37724,0.0,1.0,0.37038760398457793
W37725,0.0,1.0,0.549475804859571
W37726,0.0,1.0,0.858043274488006
W37728,1.0,0.0,0.9496008034011421
W37729,1.0,0.527409694630937,0.113485640200503
W37730,0.0,1.0,0.8140596959022499
W37731,1.0,0.0,1.05916275848213
W37737,0.0,1.0,0.664042787025088
W37738,0.0,1.0,0.244547498622322
W37739,1.0,0.0,0.535234986005671
W37745,0.0,1.0,0.5569049456154139
W37746,0.0,1.0,0.7465931673138979
W37747,0.0,1.0,0.7407290437663799
W37748,1.0,0.0,1.0603516727981501
W37753,0.0,1.0,0.8225671921563779
W37754,1.0,0.0,1.03201908323085
W37756,1.0,0.0,0.6376545026670971
W37758,1.0,0.0,0.962434917793115
W37759,0.0,1.0,0.900604201379112
W37761,0.0,1.0,0.35865920667341605
W37762,1.0,0.0,0.18652309716772
W37763,1.0,0.0,0.23390666759884196
W37764,1.0,0.0,0.5044778784847921
W37765,0.0,1.0,0.521772033584748
W37766,1.0,0.0,1.07501161672817
W37769,0.0,1.0,0.343126098073436
W37770,1.0,0.0,0.801972162676341
W37771,0.0,1.0,0.783280254025605
W37772,1.0,0.0,0.841133817986664
W37776,0.0,1.0,0.297027288011336
W37777,1.0,0.0,0.80001186605785
W37778,1.0,0.0,0.21613490658390697
W37779,0.0,1.0,0.9099828644895941
W37780,1.0,0.0,0.44037772163820604
W37781,0.0,1.0,0.538554738155811
W37782,0.0,1.0,0.5043116601583679
W37786,0.0,1.0,0.5756619389944271
W37788,1.0,0.0,0.873677932686971
W37790,0.0,1.0,0.901760963567715
W37793,1.0,0.0,0.53087840282385
W37794,1.0,0.0,1.1003409988910902
W37795,0.0,1.0,0.33295447599068
W37796,1.0,0.0,0.8346066992712429
W37797,1.0,0.0,1.09242967069518
W37798,0.0,1.0,0.556644899495581
W37799,1.0,0.0,0.444021392537634
W37800,1.0,0.0,0.8323934877419129
W37801,1.0,0.0,0.24808962714395497
W37803,1.0,0.0,1.03469280738524
W37804,0.0,1.0,0.779922052422605
W37805,1.0,0.0,0.861405369468973
W37806,1.0,0.42950545363784,0.132842956603199
W37807,1.0,0.0,0.714785502396529
W37809,1.0,0.0,0.791223615180386
W37811,0.0,1.0,0.752368793077178
W37812,0.0,1.0,0.433275325372774
W37813,1.0,0.0,0.8789567763045291
W37817,0.0,1.0,0.563236632995934
W37818,1.0,0.0,1.1151168243144
W37819,0.0,1.0,0.515349062961747
W37820,0.0,1.0,0.36451628017953003
W37822,1.0,0.0,0.8669302253910629
W37825,1.0,0.0,0.9028368799189972
W37826,1.0,0.0,0.8610678905382622
W37828,1.0,0.0,1.04113200666833
W37830,0.5493294270798,1.0,0.031555977986298
W37833,0.0,1.0,0.770388476218522
W37835,1.0,0.0,0.5925280205818381
W37838,0.538579888820859,1.0,0.098516404765896
W37841,0.0,1.0,0.7925845250202701
W37842,1.0,0.0,0.936247073066856
W37843,1.0,0.0,0.269729639414704
W37844,1.0,0.0,0.271425801290563
W37847,0.6828510726045939,1.0,0.031555977986298
W37848,0.6135686763903969,1.0,0.0902951514204758
W37849,1.0,0.0,1.03252387195849
W37850,1.0,0.0,0.8342584486952621
W37851,0.0,1.0,0.707627726250952
W37852,0.0,1.0,0.716789206326297
W37853,1.0,0.0,0.610785794969318
W37854,1.0,0.49659567124786697,0.12185377680785099
W37857,1.0,0.0,0.199386207446683
W37858,0.0,1.0,0.7573753692294909
W37859,0.0,1.0,0.516394747466149
W37860,1.0,0.0,0.253979639440532
W37861,1.0,0.0,1.08729799887825
W37863,1.0,0.0,1.0795833368291
W37864,0.0,1.0,0.8327508853896209
W37865,0.0,1.0,0.748252969850717
W37866,1.0,0.0,1.0847527952137799
W37867,1.0,0.999697346031228,0.0
W37868,1.0,0.0,1.0306828018783598
W37870,1.0,0.0,0.532505894448387
W37872,1.0,0.0,0.59616624078836
W37873,0.0,1.0,0.545930028183171
W37874,0.0,1.0,0.573361308806475
W37875,0.0,1.0,0.68980292397615
W37876,0.0,1.0,0.690713772987254
W37878,0.0,1.0,0.9150548365573171
W37880,1.0,0.0,0.8716095258511191
W37881,0.0,1.0,0.717337120164082
W37882,1.0,0.0,0.868421328574519
W37883,1.0,0.0,1.03690360734871
W37885,1.0,0.0,0.165751794980228
W37886,1.0,0.0,0.8211792703628349
W37887,0.0,1.0,0.675602120104935
W37888,0.0,1.0,0.7505117043804641
W37889,1.0,0.0,0.816229064282995
W37890,1.0,1.0,0.0
W37891,1.0,1.0,0.0913155977721612
W37892,1.0,0.0,0.282493128669336
W37893,0.0,1.0,0.701552831708033
W37894,1.0,0.0,0.915377114144176
W37895,1.0,0.0,1.0589481739698599
W37896,0.0,1.0,0.6844027757882301
W37898,1.0,0.0,0.9173707680449109
W37899,0.0,1.0,0.8800852306814341
W37900,0.0,1.0,0.696019507418174
W37901,0.0,1.0,0.8680714590605609
W37902,1.0,0.0,1.11491807220649
W37903,1.0,1.0,0.0
W37904,0.0,1.0,0.8090768545171391
W37906,1.0,0.0,0.40712952419568105
W37907,1.0,0.402319274781484,0.13576036945008502
W37908,0.330157157815787,1.0,0.142568583379531
W37909,0.7056165157663951,1.0,0.0285702395881924
W37910,1.0,0.0,0.521807402720782
W37913,1.0,1.0,0.0147630166948619
W37914,1.0,1.0,0.0200898630077284
W37915,0.0,1.0,0.674394359488343
W37916,1.0,0.0,0.19317694669066396
W37917,0.0,1.0,0.557844319450628
W37918,0.0,1.0,0.545833178824056
W37919,0.0,1.0,0.9150548365573171
W37921,1.0,0.0,0.7972760809811691
W37922,1.0,0.0,0.97334990962889
W37923,0.0,1.0,0.5013474985132729
W37924,0.0,1.0,0.181102690732007
W37929,1.0,0.0,0.927474680966735
W37935,0.0,1.0,0.6786604653328189
W37937,0.0,1.0,0.657842822174811
W37938,0.0,1.0,0.766559049748109
W37939,1.0,0.0,1.08403365724549
W37940,0.0,1.0,0.44910595765338795
W37941,1.0,0.0,0.48873085125152094
W37942,1.0,0.0,0.9132511452854329
W37943,1.0,0.0,0.17233277816547699
W37945,1.0,0.0,0.32743746979212796
W37946,1.0,0.0,0.8807150806972259
W37948,1.0,0.0,0.8776618387011801
W37951,1.0,0.0,0.132430346799433
W37952,0.37524163314609105,1.0,0.0309774252718787
W37953,1.0,0.0,1.04601653328656
W37954,1.0,0.0,0.96774664337327
W37955,0.0,1.0,0.78651263027821
W37956,1.0,0.0,1.05641297575474
W37957,1.0,0.0,1.0458075572427399
W37959,0.0,1.0,0.619806466236803
W37960,0.0,1.0,0.7101092987508739
W37961,1.0,0.0,0.24562428530121397
W37962,1.0,0.0,1.04612715501572
W37963,1.0,0.0,1.04275282695347
W37964,0.0,1.0,0.6345131003346359
W37965,0.0,1.0,0.331573763693229
W37967,0.5479057046796351,1.0,0.0989376023360468
W37969,0.0,1.0,0.7818095157148449
W37970,1.0,0.0,0.28487482087357696
W37971,1.0,0.6269722078108829,0.110583159862557
W37972,1.0,0.0,0.575822154718261
W37974,1.0,0.0,1.03922654159103
W37975,1.0,0.0,0.8596569898305211
W37977,1.0,0.0,0.588859825300816
W37978,0.0,1.0,0.777768905137956
W37979,1.0,1.0,0.0
W37980,0.0,1.0,0.8728507860888169
W37982,1.0,0.0,0.833112382851288
W37983,0.6493670329320761,1.0,0.031555977986298
W37984,1.0,0.0,0.457945803065554
W37985,0.0,1.0,0.8401241057200849
W37986,0.0,1.0,0.7537468842597601
W37988,0.0,1.0,0.7694676286830259
W37989,1.0,0.0,0.26775554604143303
W37990,1.0,0.0,0.871420703348466
W37991,0.0,1.0,0.8212657350656991
W37992,1.0,0.0,0.55363523296002
W37993,1.0,0.0,0.5576746685691409
W37994,0.0,1.0,0.802040935393465
W37995,1.0,0.0,0.99955996617083
W37996,1.0,0.0,1.07059493352817
W37997,1.0,0.0,0.800721409707947
W38000,1.0,0.0,0.21631267740105398
W38001,1.0,0.0,0.8313677863996201
W38002,1.0,0.0,1.1151168243144
W38003,0.0,1.0,0.864108404138541
W38004,1.0,0.0,0.21716324588127803
W38005,0.0,1.0,0.559087913706349
W38006,0.0,1.0,0.37573609907637795
W38008,1.0,0.0,0.572061760366792
W38009,1.0,0.0,0.44750443010887897
W38010,0.0,1.0,0.53757239391224
W38011,1.0,0.0,0.9068639303263021
W38012,0.0,1.0,0.552467442320032
W38013,0.0,1.0,0.32985383040862704
W38014,1.0,0.0,1.1151168243144
W38017,0.0,1.0,0.7449112284074241
W38018,1.0,0.0,0.952684399976693
W38019,1.0,1.0,0.0
W38020,1.0,1.0,0.0
W38021,1.0,0.0,0.4757694370754021
W38022,1.0,0.0,0.8560422877876941
W38023,0.0,1.0,0.7505117043804641
W38025,0.0,1.0,0.7028968115083281
W38026,1.0,0.0,0.8316817517578601
W38027,1.0,0.0,0.975347330957197
W38030,1.0,0.0,0.23887772597316198
W38031,0.0,1.0,0.511004993613182
W38032,0.0,1.0,0.4445387894938351
W38033,0.0,1.0,0.7459243609552271
W38034,0.0,1.0,0.732861857638017
W38035,1.0,1.0,0.0632274702387501
W38036,1.0,0.0,0.28739808151133
W38037,0.0,1.0,0.259581485407564
W38039,1.0,0.0,1.08573598017919
W38040,0.0,1.0,0.7021692501309781
W38041,1.0,0.0,0.830863385176225
W38042,0.0,1.0,0.695238526917577
W38043,0.0,1.0,0.696539505134778
W38045,0.0,1.0,0.358471152019322
W38046,1.0,0.0,0.835728004471106
W38047,1.0,0.0,0.8808581013317929
W38048,0.0,1.0,0.743110218084463
W38049,1.0,0.0,0.587887758949382
W38050,0.0,1.0,0.23949921139944896
W38051,0.0,1.0,0.859125519315803
W38052,1.0,0.0,1.0483630752085402
W38053,1.0,0.0,1.06076943491909
W38054,1.0,0.562491752530609,0.118598816019454
W38055,0.0,1.0,0.72267148830091
W38056,1.0,0.0,0.42020757666357705
W38057,0.0,1.0,0.735484698706923
W38058,1.0,0.0,0.8462512049501341
W38059,1.0,0.586961258018198,0.0
W38060,0.0,1.0,0.53442448555046
W38061,1.0,0.0,0.4876890613979679
W38062,1.0,0.0,0.495359626105531
W38063,0.0,1.0,0.743110218084463
W38064,1.0,1.0,0.0066628198188891895
W38065,0.0,1.0,0.778467802007126
W38066,0.0,1.0,0.60256241072798
W38067,1.0,1.0,0.00640360963910099
W38068,1.0,0.0,0.6592951611277149
W38069,0.0,1.0,0.36713744621203603
W38070,1.0,0.0,1.07194199726158
W38071,1.0,0.0,0.271549223619174
W38072,1.0,0.0,0.44063912978963504
W38073,0.0,1.0,0.63986642369116
W38074,0.0,1.0,0.837718590480598
W38075,0.0,1.0,0.665483085967176
W38076,0.0,1.0,0.24110028774488895
W38077,0.0,1.0,0.875508061915197
W38078,1.0,0.0,1.09479053913901
W38079,0.0,1.0,0.758524369498924
W38080,0.0,1.0,0.673204883584121
W38081,0.0,1.0,0.37167002766867496
W38082,0.0,1.0,0.262819349623186
W38083,1.0,0.623685535580711,0.11112977502616599
W38084,0.0,1.0,0.59799430559769
W38085,1.0,0.0,1.03826413524829
W38086,0.0,1.0,0.6934001177878779
W38087,1.0,0.0,0.600211426968822
W38088,1.0,0.0,0.415169713305448
W38090,0.0,1.0,0.7170113930693699
W38091,0.0,1.0,0.742604535115951
W38092,1.0,0.0,0.38527718137264505
W38093,0.0,1.0,0.219926201850138
W38094,1.0,0.0,0.587259214772521
W38095,1.0,0.0,1.00555215886079
W38096,1.0,0.999610833762563,0.0
W38097,1.0,0.0,0.5145152628091769
W38098,1.0,0.0,0.7446330750714091
W38100,1.0,0.0,0.800556982010928
W38101,1.0,0.0,0.741116998965527
W38102,0.0,1.0,0.8335988601814409
W38103,1.0,0.0,1.07968806283009
W38104,1.0,1.0,0.0
W38105,1.0,0.0,0.854602895307132
W38106,1.0,0.0,0.564198316026432
W38107,1.0,0.0,0.8453341548613911
W38108,0.0,1.0,0.234099080262966
W38109,1.0,0.0,0.837855406875207
W38110,1.0,0.0,1.1151168243144
W38111,0.0,1.0,0.667847251149112
W38112,1.0,0.0,0.46826634326752203
W38113,1.0,0.0,1.1151168243144
W38114,1.0,0.0,0.47371606352951295
W38115,1.0,0.0,0.7580802327406899
W38116,0.0,1.0,0.487745457600981
W38117,1.0,0.0,0.26848874039705606
W38118,0.0,1.0,0.680173390339037
W38119,0.0,1.0,0.7441613482235359
W38121,1.0,0.0,0.47286168257246897
W38123,0.0,1.0,0.8637810789258459
W38124,0.0,1.0,0.610383683989037
W38125,0.0,1.0,0.5412163134887721
W38126,0.0,1.0,0.5829744679666801
W38127,0.0,1.0,0.533452347641993
W38128,1.0,0.0,0.85107743952461
W38129,1.0,0.0,0.17186303291955
W38130,1.0,0.0,0.8302016542929749
W38131,1.0,0.0,1.1151168243144
W38132,0.0,1.0,0.490458064757527
W38133,0.0,1.0,0.43915006088823705
W38134,1.0,1.0,0.0
W38135,1.0,0.0,0.142075629890777
W38136,0.0,1.0,0.704715592735867
W38137,0.0,1.0,0.6050666898217529
W38138,0.0,1.0,0.569229986156371
W38140,1.0,0.0,0.83025775446126
W38141,1.0,0.0,0.6422886810784489
W38142,0.0,1.0,0.9150548365573171
W38143,1.0,0.0,0.168007886267021
W38144,0.0,1.0,0.7528931362951601
W38145,0.0,1.0,0.588185850505035
W38146,0.0,1.0,0.868057865899091
W38147,0.0,1.0,0.8823029608934441
W38148,1.0,0.0,1.1151168243144
W38149,1.0,0.8061231822384749,0.0388947972994671
W38150,0.0,1.0,0.5517861518785789
W38151,0.0,1.0,0.9150548365573171
W38152,1.0,1.0,0.00786806835196137
W38153,0.0,1.0,0.400132771304737
W38154,0.0,1.0,0.599244020938088
W38155,0.0,1.0,0.855883564712191
W38156,0.0,1.0,0.512597648953795
W38157,1.0,0.0,0.389760963725229
W38158,0.0,1.0,0.886728715687528
W38159,1.0,0.0,0.3528103858911721
W38161,1.0,0.0,0.8119468493641671
W38162,0.0,1.0,0.59253967270437
W38163,0.0,1.0,0.9150548365573171
W38164,0.0,1.0,0.9150548365573171
W38165,0.0,1.0,0.5549863995470761
W38166,0.0,1.0,0.5640412774744
W38167,1.0,0.0,0.7445198369359041
W38168,1.0,0.0,0.8383387234300129
W38169,1.0,0.0,1.05725150622666
W38170,1.0,0.0,0.21773574488237601
W38171,1.0,0.0,0.7537891779678909
W38172,1.0,0.0,0.8508775718722421
W38173,0.0,1.0,0.59692321968363
W38175,0.0,1.0,0.8147204200372121
W38176,0.0,1.0,0.395578734594778
W38177,0.0,1.0,0.876955057136044
W38180,1.0,0.0,1.08267336446206
W38181,0.0,1.0,0.9150548365573171
W38182,1.0,0.0,0.6637424880596821
W38183,0.0,1.0,0.68000929344985
W38184,1.0,0.0,0.951495163465188
W38185,0.0,1.0,0.66380465427311
W38186,0.0,1.0,0.5830690544927349
W38187,0.0,1.0,0.85358115800164
W38188,0.0,1.0,0.9150548365573171
W38189,1.0,0.0,1.1151168243144
W38190,0.0,1.0,0.6045062991188089
W38191,1.0,0.0,0.241632280034617
W38192,0.0,1.0,0.8124521725293259
W38193,1.0,0.0,0.25103279611596396
W38194,1.0,0.0,0.810859803343618
W38195,1.0,0.0,1.0289437411742701
W38196,1.0,0.0,0.7775419633890329
W38197,1.0,0.0,0.453131938510674
W38198,0.0,1.0,0.35649660236385705
W38199,1.0,0.0,0.274336317659584
W38200,0.0,1.0,0.809154605556528
W38201,0.0,1.0,0.715781129453443
W38202,0.0,1.0,0.603214052544118
W38203,1.0,0.5205162249807229,0.0
W38204,0.0,1.0,0.7711261718424159
W38205,1.0,0.0,0.9795714990421751
W38206,0.0,1.0,0.8075773037760409
W38207,1.0,0.0,0.168112308250552
W38208,1.0,0.0,1.0142719042010901
W38209,0.0,1.0,0.6857393821616738
W38210,1.0,0.0,0.850918219740414
W38211,0.0,1.0,0.759111751367564
W38212,1.0,0.0,1.0024204586099
W38213,1.0,0.0,1.02942621567092
W38214,1.0,0.0,0.8244499142597641
W38215,1.0,0.0,0.9110278747797971
W38217,0.0,1.0,0.789383675393887
W38218,1.0,0.0,0.8452518872918909
W38219,0.0,1.0,0.23178337500567897
W38220,0.0,1.0,0.6733996592012
W38221,1.0,0.0,0.857191814799045
W38222,1.0,0.0,0.268603518793811
W38223,1.0,0.0,0.19891091252066
W38224,1.0,0.9961919271166909,0.0992649836100423
W38225,1.0,0.0,1.03701902570305
W38226,1.0,0.0,1.05335782841808
W38227,1.0,0.0,0.6411456518719829
W38228,1.0,0.0,1.08200401563696
W38229,1.0,1.0,0.012433245044472001
W38230,0.0,1.0,0.7727360337693009
W38231,0.0,1.0,0.790209575032948
W38232,1.0,0.0,0.9041430954157379
W38233,0.0,1.0,0.746823273470297
W38234,0.0,1.0,0.69617694077143
W38235,1.0,0.0,0.8272337715441359
W38237,1.0,0.0,0.46103259376287103
W38238,0.0,1.0,0.645201575352891
W38239,0.0,1.0,0.8704340623095842
W38240,1.0,0.9995619070273479,0.0
W38241,1.0,0.6036283899543989,0.10010878617531299
W38242,0.0,1.0,0.399496594743559
W38243,0.0,1.0,0.7182053943924069
W38244,1.0,0.0,1.0647428052403
W38245,1.0,0.730217478079004,0.00674961585419653
W38246,1.0,0.0,0.9600932912275341
W38247,0.0,1.0,0.47957013473187
W38248,0.0,1.0,0.6004431713950821
W38249,1.0,0.0,0.45591088516663797
W38250,1.0,0.0,0.257125567795166
W38251,0.0,1.0,0.7354111498044351
W38252,1.0,0.0,0.812535610797591
W38253,1.0,0.0,0.5504287069720629
W38254,0.0,1.0,0.588325308016171
W38255,1.0,0.9997220183112892,0.0
W38256,0.0,1.0,0.386897458903886
W38257,1.0,0.0,0.656616877638949
W38258,1.0,0.0,0.7581687889643709
W38259,0.0,1.0,0.679593240844098
W38260,0.0,1.0,0.803321394603654
W38261,0.0,1.0,0.580619302728459
W38262,0.0,1.0,0.8524878959924759
W38263,1.0,0.0,1.0261263164020502
W38264,0.0,1.0,0.7616155153182141
W38266,1.0,1.0,0.0
W38268,0.0,1.0,0.40142575104827
W38269,1.0,0.0,0.8175179605362042
W38270,0.0,1.0,0.585015443373958
W38271,1.0,0.0,0.503146360806396
W38272,0.0,1.0,0.37826892196962697
W38273,0.0,1.0,0.851969786149856
W38274,1.0,0.597065652867794,0.11338699328838499
W38275,0.0,1.0,0.8849608406768641
W38276,0.0,1.0,0.38365029452114896
W38277,1.0,0.0,0.65949436427489
W38278,1.0,0.0,1.00922158443462
W38279,1.0,0.0,1.018008333524
W38280,1.0,0.0,0.42856891661799895
W38282,0.0,1.0,0.7037209874447359
W38283,0.0,1.0,0.7616155153182141
W38284,1.0,0.0,1.07540864401916
W38285,1.0,0.0,1.05384736059359
W38286,1.0,0.0,0.6434908772025729
W38287,0.0,1.0,0.536018287517371
W38288,0.0,1.0,0.301024898496599
W38289,0.0,1.0,0.6703010283214879
W38290,1.0,0.0,0.584989338049574
W38291,1.0,0.0,0.6049197490935789
W38292,0.0,1.0,0.36875280348405304
W38293,0.0,1.0,0.608688248860572
W38294,1.0,0.0,1.0169968830758
W38295,1.0,0.0,0.760165767972163
W38296,1.0,0.0,0.8489843922827551
W38297,1.0,0.0,0.724935866070202
W38298,1.0,0.0,0.668113855604061
W38299,1.0,0.0,0.20950514023411698
W38300,1.0,0.0,1.0721125398508
W38301,1.0,0.0,0.482908215427077
W38302,0.0,1.0,0.388944134103355
W38303,1.0,0.0,1.04353374171323
W38304,0.0,1.0,0.60459044406024
W38305,1.0,0.0,0.9385559688951031
W38306,1.0,0.0,0.464362097805048
W38307,1.0,0.0,1.03162271612603
W38308,0.0,1.0,0.5914032919609891
W38309,1.0,0.0,0.23373322823874498
W38310,1.0,0.0,0.603854424201048
W38311,0.0,1.0,0.7357059550071842
W38313,1.0,0.0,0.176290414240602
W38314,0.0,1.0,0.617977379820908
W38315,1.0,0.0,0.732932740439364
W38316,1.0,0.0,0.8304040637264509
W38318,1.0,0.0,1.07790370785148
W38319,1.0,0.0,1.0122809883107802
W38320,1.0,0.0,0.46108301045191896
W38321,1.0,0.0,1.1151168243144
W38322,1.0,0.0,0.265584540280074
W38323,1.0,0.4495309770188571,0.13465303662868
W38324,1.0,0.0,0.968230653865533
W38326,1.0,0.0,0.792326694709975
W38327,1.0,0.0,0.7797462521799009
W38328,0.0,1.0,0.24421828225838896
W38329,1.0,0.0,0.8039715973764621
W38330,1.0,0.0,0.23711189103690503
W38331,0.0,1.0,0.853140899408492
W38332,1.0,0.0,1.02179651390437
W38333,1.0,0.0,0.634431113199247
W38334,0.0,1.0,0.6947781516434631
W38335,0.0,1.0,0.37787388312068604
W38336,1.0,0.0,1.05137371933946
W38337,0.0,1.0,0.857598631565974
W38338,0.0,1.0,0.595328459253423
W38339,0.0,1.0,0.44306777965607397
W38340,0.0,1.0,0.9150548365573171
W38341,0.0,1.0,0.9150548365573171
W38342,1.0,0.0,0.7690918431718721
W38343,0.0,1.0,0.8386833608489291
W38344,1.0,0.0,0.8613883860869159
W38345,1.0,0.0,0.8162491642314421
W38346,0.0,1.0,0.589118636599552
W38347,0.0,1.0,0.18897463955665902
W38348,1.0,0.0,0.446847614866915
W38349,1.0,1.0,0.0237024232114432
W38350,1.0,0.0,0.6839771764934461
W38351,0.0,1.0,0.365345706762015
W38352,1.0,0.0,0.835728004471106
W38353,0.0,1.0,0.600674470269709
W38354,1.0,0.0,0.42896540090334295
W38355,0.0,1.0,0.5746931347180021
W38356,1.0,0.0,0.7415379422154441
W38357,0.0,1.0,0.56017019730079
W38358,1.0,0.0,0.459037914789302
W38359,0.0,1.0,0.9080798343939671
W38360,0.0,1.0,0.8030436689402192
W38361,0.0,1.0,0.9107839670810459
W38362,0.0,1.0,0.5714019186027829
W38363,1.0,0.0,0.7763183341313371
W38364,0.0,1.0,0.9150548365573171
W38365,0.0,1.0,0.56438122774926
W38366,0.0,1.0,0.5876623875012901
W38367,0.0,1.0,0.9150548365573171
W38368,1.0,0.0,0.480653615406677
W38369,0.0,1.0,0.570405008445991
W38370,0.0,1.0,0.5941176063210489
W38372,1.0,1.0,0.0153544026511674
W38373,0.0,1.0,0.9150548365573171
W38374,1.0,0.0,0.152407813881567
W38375,0.0,1.0,0.8676111368199358
W38376,1.0,0.0,0.27193875227386705
W38377,1.0,0.0,0.40561458130395206
W38379,0.0,1.0,0.9150548365573171
W38380,1.0,0.0,0.20681122403385002
W38381,1.0,0.0,0.7062917292077009
W38382,1.0,0.0,0.7767849716029429
W38383,1.0,0.0,0.7589260266283341
W38384,1.0,1.0,0.0392417099155722
W38385,1.0,0.0,1.1151168243144
W38386,0.0,1.0,0.9150548365573171
W38387,0.0,1.0,0.9150548365573171
W38388,1.0,1.0,0.0207360850224373
W38389,0.565775768494403,1.0,0.12397780740865699
W38390,1.0,0.0,0.7824249082486859
W38391,0.0,1.0,0.674077918449325
W38392,0.843874808753114,1.0,0.10899227833106699
W38393,0.0,1.0,0.853919780933912
W38394,0.0,1.0,0.5893935741798271
W38395,0.0,1.0,0.854923409037033
W38396,0.0,1.0,0.5517861518785789
W38398,1.0,0.0,0.19868936759821698
W38399,0.0,1.0,0.582517772700771
W38400,1.0,1.0,0.0308552261151288
W38401,1.0,0.0,0.82244696063546
W38402,0.0,1.0,0.26550325518523
W38403,1.0,0.0,0.8387223697137791
W38404,1.0,1.0,0.0
W38405,0.0,1.0,0.70013275148684
W38406,0.0,1.0,0.756728554063672
W38407,1.0,0.0,0.8573583357928841
W38409,0.0,1.0,0.39581837787531604
W38410,1.0,0.0,0.9889842758377599
W38411,1.0,0.0,0.86964976968861
W38412,0.0,1.0,0.5338531232616239
W38413,1.0,0.0,0.505582875656813
W38414,1.0,0.0,1.07253723456731
W38415,0.0,1.0,0.6755842759054029
W38416,1.0,0.0,0.839938631099997
W38417,1.0,0.0,0.873078933182866
W38418,1.0,0.0,0.438358546404765
W38419,0.0,1.0,0.5701126178784539
W38420,1.0,0.0,0.583336080506307
W38421,1.0,0.0,1.00479617681913
W38422,0.0,1.0,0.665000379668611
W38423,0.0,1.0,0.7907582557985021
W38425,1.0,0.0,0.571466283174291
W38426,0.0,1.0,0.863576006970735
W38427,1.0,0.0,0.961999026731698
W38428,1.0,0.0,1.02230759233946
W38429,1.0,0.0,0.535925938079935
W38430,1.0,0.0,0.974667075731566
W38431,1.0,0.0,1.03335999841877
W38433,1.0,0.0,0.836469685229124
W38434,1.0,0.0,0.7712263403680358
W38435,1.0,0.0,1.09020991097913
W38436,1.0,0.0,0.795051067840706
W38437,0.0,1.0,0.649035801640511
W38438,1.0,0.0,1.06156525026463
W38439,1.0,0.501982943751554,0.000447258786721624
W38440,0.0,1.0,0.7647739570803329
W38441,1.0,0.0,0.830064452109729
W38443,0.0,1.0,0.68536760162324
W38444,1.0,0.0,0.4893172673876379
W38445,1.0,0.0,1.1151168243144
W38446,1.0,0.0,1.1151168243144
W38447,1.0,0.0,0.90487670667868
W38448,0.0,1.0,0.820208773013619
W38449,1.0,1.0,0.03483076728632
W38450,0.0,1.0,0.9150548365573171
W38451,1.0,0.0,0.558743034015359
W38452,0.0,1.0,0.9150548365573171
W38453,1.0,0.0,1.0567792464585
W38454,0.0,1.0,0.551733112198459
W38455,0.0,1.0,0.9095461584601671
W38456,1.0,0.0,0.508838446155385
W38457,1.0,0.0,0.7255991193861271
W38458,0.0,1.0,0.9150548365573171
W38459,0.0,1.0,0.534903192032324
W38460,1.0,0.0,1.1151168243144
W38461,1.0,0.0,0.631004323174698
W38462,1.0,0.0,0.7568779701874809
W38463,0.0,1.0,0.62188596734477
W38464,0.0,1.0,0.672991556928114
W38465,0.0,1.0,0.43590018645517103
W38466,1.0,1.0,0.0433934072511342
W38467,1.0,0.0,0.483264265173505
W38468,0.0,1.0,0.581340416878913
W38469,0.0,1.0,0.9150548365573171
W38470,1.0,0.0,1.1151168243144
W38471,1.0,0.0,0.24918728375250498
W38474,1.0,1.0,0.0
W38475,1.0,0.0,0.634320118082811
W38477,0.0,1.0,0.553114411005035
W38478,1.0,1.0,0.0262784467493795
W38480,0.0,1.0,0.6070329162542629
W38481,1.0,0.0,0.25404282033112197
W38482,0.0,1.0,0.35615423262405604
W38483,0.0,1.0,0.5796748291245439
W38484,0.0,1.0,0.9150548365573171
W38485,1.0,0.0,0.379650426098729
W38486,0.0,1.0,0.9150548365573171
W38488,0.0,1.0,0.70013275148684
W38489,1.0,0.0,0.6844953292397851
W38491,1.0,0.0,1.0918177785149499
W38492,0.0,1.0,0.9150548365573171
W38493,0.0,1.0,0.560672011253787
W38494,1.0,0.0,1.0319882719089202
W38495,1.0,0.0,0.961163240700809
W38496,1.0,0.0,0.44462418496925504
W38497,1.0,0.0,0.349577585931957
W38498,1.0,0.0,0.8276362559746658
W38500,0.0,1.0,0.9150548365573171
W38501,0.0,1.0,0.7542300320742091
W38502,0.0,1.0,0.6058459349851321
W38503,0.0,1.0,0.654290489889489
W38505,0.0,1.0,0.7110663291213709
W38506,1.0,0.0,1.1151168243144
W38507,0.0,1.0,0.9150548365573171
W38509,1.0,0.0,1.09226756464429
W38510,0.0,1.0,0.9150548365573171
W38512,1.0,0.0,0.552190190517443
W38515,0.0,1.0,0.9150548365573171
W38516,0.0,1.0,0.42499244928267704
W38517,0.0,1.0,0.330126059958927
W38519,1.0,0.0,0.7251062672621371
W38521,0.0,1.0,0.9150548365573171
W38522,0.0,1.0,0.9150548365573171
W38523,1.0,0.0,0.26878425757632995
W38524,1.0,0.0,0.22740434547756896
W38525,1.0,0.0,1.02240524295281
W38526,1.0,0.0,0.743517477524129
W38527,0.0,1.0,0.9150548365573171
W38528,0.0,1.0,0.7291740973348071
W38529,1.0,1.0,0.0185159028434083
W38530,1.0,0.0,1.10670819393055
W38531,1.0,0.0,1.1043945894669298
W38532,1.0,0.0,0.588594174703582
W38533,0.0,1.0,0.574969656789869
W38534,0.0,1.0,0.9150548365573171
W38535,1.0,0.0,0.8159877184629419
W38536,1.0,0.0,0.23982895439446802
W38537,0.0,1.0,0.566748619309805
W38538,0.0,1.0,0.583409376422719
W38539,1.0,0.0,0.7122683484213729
W38540,1.0,0.0,1.0883468927697502
W38541,1.0,0.7394714328240579,0.0382826154639305
W38543,0.0,1.0,0.745350161820225
W38544,0.0,1.0,0.7368833245190128
W38545,0.0,1.0,0.574096837251103
W38546,1.0,1.0,0.031555977986298
W38547,0.0,1.0,0.329472063100576
W38548,1.0,1.0,0.0191984934732027
W38549,1.0,0.0,0.216111739082468
W38550,1.0,0.0,0.20826020259296202
W38551,1.0,0.0,0.213905389558185
W38552,0.0,1.0,0.568909312441056
W38553,0.0,1.0,0.9150548365573171
W38554,0.0,1.0,0.33289992939066304
W38555,0.0,1.0,0.9150548365573171
W38556,1.0,0.0,0.726089982446506
W38558,0.0,1.0,0.9150548365573171
W38559,0.0,1.0,0.24285061831038698
W38560,0.0,1.0,0.8262527580744601
W38561,1.0,0.0,0.21060456154497
W38563,0.0,1.0,0.9150548365573171
W38564,1.0,0.0,0.6090130669744301
W38565,1.0,0.0,1.1151168243144
W38568,1.0,0.0,0.661872009261805
W38569,0.0,1.0,0.336301155274882
W38570,1.0,0.0,0.736236826871227
W38571,1.0,0.0,0.649769954747521
W38572,0.0,1.0,0.9150548365573171
W38573,0.0,1.0,0.9150548365573171
W38575,0.0,1.0,0.4343629884733279
W38576,1.0,0.0,0.5968158761443481
W38577,0.0,1.0,0.5751197189464
W38578,1.0,0.0,0.708900843483764
W38579,1.0,0.0,0.44926523763514004
W38580,1.0,0.0,0.6567897826597121
W38581,1.0,0.0,1.1151168243144
W38582,0.0,1.0,0.9150548365573171
W38583,1.0,0.0,0.216274477149883
W38584,0.0,1.0,0.6145983188926191
W38585,1.0,0.0,1.1151168243144
W38586,0.5830652898012291,1.0,0.12142192604501299
W38587,1.0,0.0,1.04862541678604
W38588,1.0,0.0,0.6013616026842629
W38589,1.0,0.0,0.223021156213271
W38590,1.0,0.7371363768625191,0.10789608365579902
W38591,1.0,0.0,0.407397537071332
W38592,1.0,0.0,0.8577641018055391
W38593,0.0,1.0,0.759556715322499
W38594,1.0,0.0,1.0433103955418102
W38595,0.0,1.0,0.7538226659289041
W38596,1.0,0.0,0.39512225470628903
W38597,0.0,1.0,0.853170793589543
W38598,1.0,0.0,0.15183539487736902
W38599,0.0,1.0,0.749487483163764
W38601,1.0,0.0,0.8028556645498821
W38602,1.0,0.0,1.1055241539951002
W38603,1.0,0.0,0.641363526157408
W38604,0.0,1.0,0.7919707733248009
W38605,1.0,0.0,1.06481408050982
W38606,1.0,0.73271542221414,0.0812577286336342
W38607,0.0,1.0,0.341838110115662
W38608,0.0,1.0,0.553413045233789
W38609,1.0,0.0,0.806074459744876
W38610,1.0,0.0,0.5188398345904829
W38611,1.0,0.0,0.398880301373529
W38612,1.0,0.0,0.626921701773973
W38613,1.0,0.0,0.8435648224275241
W38614,1.0,0.0,0.14995113699732998
W38615,0.0,1.0,0.575674307991652
W38616,1.0,0.0,0.541052731070783
W38617,1.0,0.0,1.06484727028914
W38618,1.0,0.0,0.7530050818821079
W38619,1.0,0.0,0.5198100377209871
W38620,1.0,0.0,0.874412867422478
W38622,0.0,1.0,0.5985728038411721
W38623,0.0,1.0,0.476702628688068
W38624,1.0,0.0,0.22589505448280398
W38625,1.0,0.0,0.720809257728306
W38626,1.0,1.0,0.0431646433206463
W38627,1.0,0.0,0.733748018507819
W38628,1.0,0.0,0.730703054648932
W38629,0.0,1.0,0.9150548365573171
W38630,1.0,1.0,0.059125904422738004
W38631,0.0,1.0,0.9150548365573171
W38632,1.0,0.0,0.9248845008351999
W38633,1.0,0.0,0.225459834893555
W38634,1.0,0.0,1.1151168243144
W38636,1.0,0.0,0.736255617378848
W38637,0.0,1.0,0.5775558796345021
W38638,1.0,0.0,1.1151168243144
W38640,1.0,0.0,0.387960562895526
W38643,1.0,0.0,0.21091055163700398
W38644,1.0,0.0,0.40693146632660604
W38645,1.0,0.0,0.626558949778063
W38646,0.0,1.0,0.9150548365573171
W38647,1.0,0.0,1.10842554392121
W38648,1.0,1.0,0.0417703233535895
W38649,1.0,0.0,0.815165217413491
W38650,0.0,1.0,0.9150548365573171
W38651,1.0,0.0,0.79067757399913
W38652,1.0,0.0,0.406653309985414
W38653,1.0,0.0,0.5859518843291079
W38654,1.0,0.0,1.1151168243144
W38655,1.0,0.0,0.280734227641644
W38656,0.0,1.0,0.361945956786272
W38657,0.0,1.0,0.785842976239236
W38659,1.0,0.0,1.07642746269825
W38660,0.0,1.0,0.9150548365573171
W38662,1.0,0.0,0.21867169367539604
W38663,1.0,0.0,0.243849177846058
W38664,0.0,1.0,0.9032636792425859
W38666,0.0,1.0,0.6404989994479261
W38668,0.0,1.0,0.565507077963188
W38669,0.0,1.0,0.9150548365573171
W38670,1.0,0.0,0.22942841300480302
W38672,0.0,1.0,0.9132365277978539
W38673,1.0,0.0,1.1151168243144
W38674,0.0,1.0,0.5616785293975369
W38675,1.0,0.0,0.272518674872829
W38676,1.0,0.0,0.6794100235686179
W38677,1.0,0.0,1.1151168243144
W38678,1.0,0.0,0.7259469324301391
W38679,0.0,1.0,0.9150548365573171
W38680,0.0,1.0,0.56143426880746
W38681,1.0,0.0,0.8253061269965319
W38682,1.0,1.0,0.0487030918302919
W38683,1.0,0.0,1.07431614368654
W38684,0.0,1.0,0.568805153516316
W38685,0.0,1.0,0.350079981616893
W38686,0.0,1.0,0.346297216255882
W38687,0.0,1.0,0.8589785713235479
W38688,0.0,1.0,0.75989285817328
W38689,1.0,0.0,1.1038032694727802
W38690,1.0,1.0,0.0
W38691,0.0,1.0,0.733105236689231
W38692,1.0,0.0,0.8282825044671049
W38693,1.0,0.0,1.08072109849293
W38694,0.0,1.0,0.435551863633697
W38695,1.0,1.0,0.0905213261637838
W38697,0.0,1.0,0.38261368343609103
W38698,0.0,1.0,0.22059582259966798
W38699,1.0,0.0,0.3876247631375179
W38700,0.0,1.0,0.584188866876366
W38701,1.0,0.0,0.741112295008736
W38702,1.0,0.0,1.04988210256314
W38703,1.0,0.0,0.878654688930441
W38704,0.0,1.0,0.74211315319959
W38705,0.0,1.0,0.43139751553321204
W38707,1.0,0.0,0.2063724649298
W38709,1.0,0.0,0.7259495691162521
W38710,0.0,1.0,0.9150548365573171
W38711,1.0,0.0,0.399325991516121
W38712,0.0,1.0,0.383108722530955
W38713,1.0,0.0,1.0639260529196
W38714,1.0,0.0,0.633004055105475
W38715,0.0,1.0,0.569306694701343
W38716,1.0,0.0,1.1151168243144
W38717,0.0,1.0,0.9150548365573171
W38718,1.0,0.0,0.363598020181215
W38719,1.0,0.0,1.0848271065393298
W38720,0.0,1.0,0.667350113630714
W38721,1.0,0.0,0.7466772645633629
W38722,1.0,0.0,0.716797479698112
W38723,1.0,0.0,0.7334612907847691
W38724,1.0,0.0,0.726354026861345
W38726,1.0,0.0,0.432045350703156
W38727,0.0,1.0,0.6810790166142491
W38728,1.0,0.0,0.8200025362091801
W38729,1.0,0.0,0.204734156997406
W38730,1.0,0.0,1.06585527826684
W38732,0.0,1.0,0.338079632558544
W38733,0.0,1.0,0.310099252371782
W38734,1.0,0.0,0.7102937919309791
W38735,0.0,1.0,0.5714019186027829
W38736,0.0,1.0,0.7554081516514529
W38737,0.0,1.0,0.9150548365573171
W38738,0.0,1.0,0.9150548365573171
W38739,1.0,0.0,0.636695165857516
W38740,0.0,1.0,0.576995765274986
W38741,1.0,0.0,0.20323285937892802
W38742,1.0,0.0,0.534950378069638
W38744,1.0,0.0,0.40329726877739003
W38745,1.0,0.0,0.646453557533428
W38747,1.0,0.0,0.408906501432775
W38748,1.0,0.0,0.6724702931517471
W38750,1.0,0.0,0.6171146681509789
W38751,1.0,0.0,0.48172393982682205
W38752,1.0,0.0,0.848090019185118
W38753,1.0,0.0,1.1151168243144
W38754,0.0,1.0,0.9150548365573171
W38755,1.0,0.0,1.11283013379572
W38756,0.0,1.0,0.9150548365573171
W38757,1.0,0.0,0.7471237354061508
W38759,1.0,0.0,0.916956741157899
W38761,1.0,0.0,0.591349558896402
W38765,1.0,0.0,0.7500416037626779
W38767,0.0,1.0,0.9096192114802649
W38768,0.0,1.0,0.804996671922545
W38769,1.0,0.0,1.1151168243144
W38770,0.0,1.0,0.9150548365573171
W38771,0.0,1.0,0.9150548365573171
W38772,1.0,0.0,0.725827052898006
W38773,0.0,1.0,0.569306694701343
W38774,0.0,1.0,0.568671108327596
W38775,1.0,1.0,0.0417703233535895
W38776,1.0,0.0,0.3697284426621889
W38777,0.0,1.0,0.9150548365573171
W38778,1.0,0.0,0.40144451847349705
W38779,1.0,0.45898835494706103,0.124972388694587
W38781,0.0,1.0,0.19668292385880604
W38782,1.0,0.0,0.867521941443913
W38783,0.0,1.0,0.5698499090173791
W38784,0.0,1.0,0.579905045239733
W38785,1.0,0.0,1.05464218202035
W38786,1.0,0.0,0.8693792573798179
W38788,1.0,0.0,0.212165259881064
W38789,1.0,0.0,0.844808593645194
W38790,1.0,0.0,1.05684272042696
W38791,0.0,1.0,0.34055581384085104
W38793,1.0,0.0,0.854175425237997
W38794,1.0,0.0,0.48004169696540794
W38795,1.0,0.9997090848519219,0.0
W38796,0.0,1.0,0.6865387824091971
W38797,1.0,0.0,0.8286979054945959
W38798,0.0,1.0,0.713325384053759
W38799,1.0,0.0,0.39827802254461603
W38800,0.0,1.0,0.743110218084463
W38801,1.0,0.0,0.21531774669303896
W38802,1.0,0.0,0.225154706260477
W38803,1.0,0.0,1.05355981922792
W38804,0.0,1.0,0.863500502335347
W38805,1.0,0.0,0.26250303547424203
W38806,0.0,1.0,0.38112739010140906
W38807,1.0,0.0,1.08101250326419
W38808,1.0,0.0,1.05023547568894
W38809,1.0,0.0,0.3876688119208971
W38810,0.0,1.0,0.7402146155178749
W38811,1.0,0.0,0.507198336802693
W38812,1.0,0.0,1.0857334037007
W38813,1.0,0.0,1.09232610646562
W38814,0.0,1.0,0.48683211442611
W38815,0.0,1.0,0.417597975979414
W38816,1.0,0.0,0.8684643994972231
W38818,0.0,1.0,0.693507306385348
W38819,1.0,0.0,1.10386941059347
W38820,0.0,1.0,0.372117856216553
W38821,0.0,1.0,0.46983941535500295
W38822,1.0,0.0,0.562227927747291
W38823,1.0,0.0,0.8486919282374409
W38825,1.0,0.0,0.838608972455432
W38826,1.0,0.0,0.209781048383904
W38827,0.0,1.0,0.85124923585639
W38828,1.0,0.0,0.7171729476378709
W38829,1.0,0.0,0.916606419554249
W38830,1.0,0.0,0.255043599932111
W38831,1.0,0.0,0.209384854543469
W38832,1.0,0.0,1.06569176168689
W38833,1.0,0.0,0.833671988039172
W38834,1.0,0.0,1.06850371468704
W38836,1.0,1.0,0.0
W38837,0.0,1.0,0.47339408619493895
W38838,1.0,0.0,1.04079597943884
W38839,1.0,1.0,0.0
W38840,1.0,0.0,1.11100857664107
W38841,1.0,0.0,1.0170221895189
W38843,0.0,1.0,0.386498146238486
W38845,1.0,0.0,0.37884008657728596
W38846,0.0,1.0,0.845589564767865
W38847,1.0,0.0,0.8260368141483959
W38848,1.0,1.0,0.0333103608015929
W38849,0.0,1.0,0.678893688671158
W38850,1.0,0.0,0.973264972408503
W38851,1.0,0.0,0.521445856359825
W38852,1.0,0.0,1.1151168243144
W38853,1.0,0.0,1.11264119425944
W38854,1.0,1.0,0.0021073702987119396
W38855,1.0,0.0,0.628113989736336
W38858,1.0,0.0,1.07457145104304
W38859,0.5802143744160451,1.0,0.119868863733636
W38860,0.0,1.0,0.863895669677629
W38861,1.0,0.0,1.0422469972744801
W38862,0.0,1.0,0.7302512603924659
W38863,1.0,0.0,1.0404218590006
W38864,0.0,1.0,0.18254580726766198
W38865,1.0,0.0,0.6677079604515489
W38866,1.0,0.0,0.357132182575301
W38867,1.0,0.0,0.41222662181510406
W38868,1.0,0.0,0.537050580653338
W38869,1.0,0.0,0.8652546968530791
W38870,0.0,1.0,0.8573144687055341
W38871,1.0,1.0,0.0
W38872,1.0,0.0,0.45404086341271005
W38873,1.0,1.0,0.0881103258193642
W38874,1.0,1.0,0.0385900341322119
W38875,1.0,0.0,0.7038570298960759
W38876,0.0,1.0,0.8498714593006469
W38877,0.0,1.0,0.848161961687645
W38878,1.0,0.549593301075976,0.127737957586424
W38879,0.0,1.0,0.560353259809583
W38880,1.0,0.0,0.801969876558848
W38881,1.0,0.0,0.803116776440318
W38882,1.0,0.0,0.861405369468973
W38883,0.0,1.0,0.7668727125476908
W38884,1.0,0.0,0.8286979054945959
W38886,0.0,1.0,0.704285005996297
W38887,0.0,1.0,0.733105236689231
W38889,0.0,1.0,0.8222676291506809
W38890,1.0,0.0,1.04737819602374
W38891,1.0,1.0,0.0811028651012447
W38892,0.0,1.0,0.884519958677365
W38893,1.0,0.0,1.07565625245776
W38894,0.0,1.0,0.718929162692028
W38895,1.0,0.0,1.04634101890329
W38896,1.0,0.0,0.16743197090254
W38897,1.0,0.0,0.504035748995242
W38900,1.0,0.0,0.21966812788455603
W38901,1.0,0.0,0.235841794157221
W38902,1.0,0.0,0.626567504296052
W38903,1.0,0.0,0.589664960686434
W38904,1.0,0.0,0.894345779528805
W38905,0.0,1.0,0.7362064936522409
W38906,1.0,0.0,0.211042979997916
W38907,1.0,0.0,1.09424343368653
W38908,1.0,0.0,0.5209604638463851
W38909,1.0,0.0,1.10082186262234
W38910,1.0,1.0,0.0
W38911,1.0,0.0,0.5661940866567611
W38912,1.0,0.0,0.8568577114762691
W38913,1.0,0.0,0.9823914011236089
W38914,1.0,0.0,1.1151168243144
W38915,0.0,1.0,0.6972182573512529
W38916,1.0,1.0,0.0877148740813234
W38917,1.0,0.0,0.769248729579304
W38918,1.0,0.0,0.7369410975601609
W38919,0.0,1.0,0.717569937377048
W38920,0.0,1.0,0.8074857580358329
W38921,1.0,0.0,0.855250328035257
W38922,1.0,0.0,1.06145144839326
W38923,1.0,0.0,0.5309281273682821
W38924,1.0,0.0,1.0831613897789498
W38925,0.0,1.0,0.489011019673169
W38926,1.0,0.0,0.36858615009443796
W38927,1.0,0.0,0.9665384274040251
W38928,1.0,0.0,0.494173091255923
W38929,1.0,0.0,0.41281455751198903
W38930,1.0,0.0,0.40490477666947
W38931,1.0,0.0,0.371961775700095
W38932,0.0,1.0,0.34418177864593297
W38933,0.0,1.0,0.849219795275158
W38934,1.0,1.0,0.0
W38935,1.0,0.0,0.799828874384682
W38937,0.0,1.0,0.277617964235562
W38938,1.0,0.931586524144285,0.10365007155558802
W38939,1.0,0.0,0.39288778462132795
W38940,1.0,1.0,0.0
W38941,1.0,0.0,0.469790367980535
W38942,0.0,1.0,0.657914589497504
W38943,0.0,1.0,0.700818442869267
W38944,1.0,0.0,0.385684828577455
W38945,0.730585423408588,1.0,0.10261887690806899
W38947,1.0,0.0,0.212250447833076
W38948,0.0,1.0,0.7000209780193021
W38949,1.0,0.0,0.7781911318349871
W38950,1.0,0.0,1.0794770098655901
W38951,1.0,0.0,0.9223518958099909
W38952,1.0,0.0,0.521916787700815
W38953,1.0,0.0,0.38864275736257703
W38954,1.0,0.0,0.8498929708703381
W38955,1.0,1.0,0.0
W38956,1.0,0.0,1.1000850517421201
W38957,1.0,0.0,0.38435896011856896
W38958,1.0,0.0,1.0042053067502
W38959,1.0,0.0,1.04566677335993
W38960,1.0,0.0,0.597317464707868
W38961,0.0,1.0,0.449880626441008
W38962,1.0,0.0,0.8021935752126721
W38963,1.0,0.0,0.284279941988764
W38964,1.0,1.0,0.0
W38965,1.0,0.0,1.02576607920157
W38966,0.0,1.0,0.356467431198827
W38967,0.0,1.0,0.8555340387558671
W38968,1.0,0.0,0.213295247066295
W38969,1.0,1.0,0.0208502065749305
W38970,0.0,1.0,0.48161465349319005
W38971,1.0,1.0,0.0
W38972,1.0,0.0,0.7920227685326802
W38973,1.0,1.0,0.0698180390342629
W38974,0.0,1.0,0.5201646451124871
W38975,1.0,0.0,0.25134762803106303
W38976,0.0,1.0,0.860487554510503
W38977,0.0,1.0,0.845632411477346
W38978,0.0,1.0,0.70692085876139
W38979,1.0,0.0,0.8319589568239671
W38980,1.0,0.0,1.0959841867757398
W38981,1.0,0.0,0.599804568365588
W38982,0.0,1.0,0.730319888573364
W38983,0.0,1.0,0.7171985121544621
W38985,0.0,1.0,0.311164767363128
W38987,1.0,0.0,0.654245755259793
W38989,0.0,1.0,0.7030048829251621
W38990,1.0,1.0,0.0399114095454893
W38991,1.0,0.0,0.21322629912168
W38992,0.999558615800394,1.0,0.0
W38993,1.0,0.0,1.1077207271993001
W38994,0.0,1.0,0.7312730978133771
W38996,0.0,1.0,0.528123945437532
W38997,1.0,1.0,0.0
W38998,1.0,0.0,0.350108129514044
W38999,1.0,0.0,0.21313463370051802
W39000,1.0,0.0,1.03638058321437
W39001,1.0,0.0,0.8306966154114
W39002,1.0,0.0,0.480804132916202
W39003,1.0,0.0,1.1151168243144
W39004,1.0,0.0,1.0439832297018201
W39005,0.0,1.0,0.844370144393484
W39006,1.0,0.0,0.8369922720576841
W39007,1.0,0.0,0.7779546309466179
W39008,1.0,0.0,0.318868121429656
W39009,0.0,1.0,0.8244083924449781
W39010,0.0,1.0,0.7194083352690551
W39011,1.0,0.0,0.24115151092941
W39012,1.0,0.0,1.1151168243144
W39013,1.0,0.0,0.747569371267691
W39015,0.0,1.0,0.262540040818851
W39017,1.0,0.0,0.8178123287572869
W39018,1.0,0.0,0.42257188296908604
W39019,1.0,0.0,0.7414909927850899
W39020,1.0,0.0,0.7608514530282959
W39021,0.0,1.0,0.593136843670591
W39022,1.0,0.711017143792588,0.0355385561729813
W39023,1.0,0.0,1.00087941444745
W39024,1.0,0.0,1.05834966141487
W39025,1.0,0.0,0.862506119744187
W39026,1.0,0.0,0.668479287879927
W39027,1.0,0.0,0.748395566465816
W39028,0.0,1.0,0.33477281110743606
W39029,1.0,0.0,0.755785983075287
W39030,1.0,0.0,0.219370820819777
W39031,0.0,1.0,0.615733412986255
W39032,1.0,1.0,0.022691517792490002
W39033,1.0,1.0,0.0075339087810494
W39034,1.0,0.0,0.520709757100637
W39035,1.0,0.0,0.513082868112288
W39036,0.0,1.0,0.317990840557537
W39037,1.0,0.0,1.05174405681939
W39038,1.0,0.0,1.1151168243144
W39039,1.0,1.0,0.0047002193109521
W39040,0.0,1.0,0.5802559207634251
W39041,1.0,0.0,0.23705989324041699
W39042,1.0,1.0,0.022691517792490002
W39043,1.0,0.0,0.604228713096774
W39044,1.0,0.0,0.557795908052921
W39045,0.0,1.0,0.48090047659389795
W39047,1.0,0.0,0.416037682385761
W39048,1.0,0.0,0.24085754654093
W39050,1.0,0.0,0.49057741589783005
W39051,0.0,1.0,0.599289653632506
W39053,1.0,0.0,1.1151168243144
W39054,1.0,0.0,0.9975963723773679
W39055,0.0,1.0,0.47610667928446004
W39056,1.0,0.0,0.44747714005476796
W39057,0.0,1.0,0.357815391300919
W39058,0.0,1.0,0.8592123638362908
W39059,1.0,0.0,0.5754716203197329
W39060,1.0,0.0,1.1151168243144
W39061,1.0,0.0,1.1151168243144
W39062,1.0,1.0,0.0
W39064,1.0,0.0,0.441042368274637
W39065,1.0,0.0,1.04890638557303
W39066,1.0,0.0,0.8275068103628441
W39067,0.0,1.0,0.34772196532574495
W39068,1.0,1.0,0.0936063961932881
W39069,0.0,1.0,0.582002127251185
W39070,1.0,0.629640968705877,0.0
W39071,0.0,1.0,0.45840083283540706
W39073,1.0,0.0,0.924711611391055
W39074,1.0,0.0,0.8448297157434821
W39075,1.0,0.0,0.5751708711895129
W39076,0.0,1.0,0.7242565922234159
W39077,0.0,1.0,0.8702507534710731
W39078,1.0,0.0,1.01527459453462
W39079,1.0,1.0,0.0561841695694199
W39081,1.0,0.5610122293573061,0.10617422507552801
W39082,1.0,1.0,0.0041701088544299
W39083,1.0,0.0,0.44786926761303797
W39084,1.0,0.0,0.6068078206612
W39085,0.0,1.0,0.48375628671960297
W39087,1.0,1.0,0.0722764091372205
W39088,1.0,0.0,1.0672621035608199
W39089,1.0,0.0,0.7573566500229519
W39090,1.0,0.0,0.942807720945242
W39091,1.0,0.0,0.23087156681412
W39092,1.0,0.0,0.7058454655569271
W39093,1.0,1.0,0.00755002524077675
W39094,1.0,0.0,1.1075774585923601
W39095,1.0,0.0,0.257380640820423
W39096,1.0,0.0,0.44745943020771795
W39097,0.0,1.0,0.45948344980748707
W39098,1.0,0.0,0.23521705320552497
W39099,0.0,1.0,0.8729233454979091
W39100,1.0,0.0,0.734601192646295
W39101,1.0,0.0,1.0428071648686101
W39103,1.0,0.0,0.8753117177939621
W39104,0.0,1.0,0.39863469631461407
W39105,1.0,1.0,0.0655284518270667
W39106,1.0,0.0,0.489281690955034
W39107,1.0,1.0,0.0250310189765294
W39109,1.0,0.0,0.644066620641902
W39110,1.0,1.0,0.0753686291126441
W39111,1.0,0.0,0.268046825043895
W39112,0.0,1.0,0.710297319989255
W39113,1.0,0.0,0.6741473303619
W39114,1.0,0.0,0.7476846276957672
W39115,1.0,0.0,1.1117523765328998
W39116,1.0,0.0,0.6005399066382521
W39117,1.0,0.0,1.1151168243144
W39118,1.0,0.0,0.715917165349109
W39119,0.0,1.0,0.506726332930745
W39120,0.0,1.0,0.844417894682257
W39121,1.0,0.0,0.393362133408589
W39122,1.0,0.0,1.1151168243144
W39123,1.0,0.0,0.21167598216639605
W39125,1.0,0.0,0.640623888778595
W39126,1.0,0.0,0.535118985697421
W39127,0.0,1.0,0.458436472393883
W39128,1.0,0.0,1.00805222324461
W39129,1.0,0.0,0.8332896881695799
W39130,1.0,0.0,0.42137587598445797
W39131,1.0,0.0,1.02112113814678
W39134,1.0,0.0,0.5712532954096861
W39135,1.0,0.0,0.764550087314208
W39137,1.0,0.0,1.0434633557203101
W39138,1.0,0.0,1.06876955528514
W39139,1.0,0.0,0.486416641644601
W39140,1.0,0.0,1.11275561228698
W39141,1.0,0.0,1.1151168243144
W39142,0.0,1.0,0.306312194247565
W39143,0.0,1.0,0.6693171149029511
W39144,1.0,0.0,0.8642486484238471
W39145,0.526469340163925,1.0,0.0
W39146,1.0,0.44024010616779297,0.12681977019217902
W39148,1.0,1.0,0.0285702395881924
W39149,1.0,0.0,0.7651192761555691
W39150,0.0,1.0,0.8540592819505219
W39152,1.0,1.0,0.074042447574777
W39153,1.0,0.0,0.9999633431909319
W39154,0.0,1.0,0.628480762431648
W39155,1.0,0.0,0.7748287912306149
W39156,1.0,0.0,0.755334319484092
W39157,1.0,0.0,0.23670694625427202
W39158,1.0,0.0,0.569538312523759
W39159,1.0,0.0,0.27498350669342403
W39160,1.0,0.0,0.493230171448868
W39161,1.0,0.0,0.44035129205854
W39162,1.0,0.0,1.01036229007853
W39163,1.0,0.0,1.1151168243144
W39164,0.0,1.0,0.601709730372715
W39165,1.0,0.0,0.7707630284564059
W39166,1.0,1.0,0.0925522635546248
W39167,1.0,0.0,1.00106082143678
W39168,0.0,1.0,0.6685698893682789
